#!ascii label  , from subject  vox2ras=TkReg
591
103  -6.786  -72.325  68.725 1.0000000000
229  2.073  -63.384  77.318 1.0000000000
479  -22.242  -69.886  67.979 1.0000000000
1044  -11.153  -76.405  63.545 1.0000000000
1563  -2.377  -67.893  73.382 1.0000000000
2081  -5.568  -62.467  77.890 1.0000000000
2082  -10.012  -66.994  73.563 1.0000000000
2084  -17.860  -65.712  73.232 1.0000000000
2085  -14.498  -71.387  68.511 1.0000000000
2086  -18.922  -75.120  63.237 1.0000000000
2960  -3.199  -72.513  68.787 1.0000000000
2964  -8.970  -74.428  66.182 1.0000000000
3562  3.460  -65.774  75.245 1.0000000000
3564  -0.158  -65.661  75.423 1.0000000000
4576  -7.804  -64.738  75.817 1.0000000000
4583  -20.040  -67.886  70.639 1.0000000000
4584  -16.164  -68.650  70.894 1.0000000000
4585  -18.371  -70.712  68.281 1.0000000000
4586  -16.683  -73.322  65.920 1.0000000000
4587  -20.577  -72.557  65.666 1.0000000000
6486  -13.377  -78.253  60.808 1.0000000000
6497  -24.478  -71.642  65.332 1.0000000000
6498  -28.343  -70.603  64.899 1.0000000000
7485  -4.587  -70.124  71.145 1.0000000000
8808  0.545  -60.616  79.532 1.0000000000
8810  -3.299  -60.122  79.840 1.0000000000
8811  -1.728  -62.986  77.651 1.0000000000
8812  -3.960  -65.246  75.679 1.0000000000
8813  -6.177  -67.486  73.535 1.0000000000
8814  -8.377  -69.713  71.204 1.0000000000
8821  -13.944  -66.426  73.438 1.0000000000
8822  -12.266  -69.248  71.093 1.0000000000
8823  -10.625  -71.917  68.666 1.0000000000
8824  -12.800  -73.941  66.097 1.0000000000
8825  -15.018  -75.837  63.429 1.0000000000
8826  -17.268  -77.600  60.663 1.0000000000
8827  -22.851  -74.254  62.962 1.0000000000
8828  -21.204  -76.793  60.442 1.0000000000
10640  -4.989  -72.423  68.775 1.0000000000
10641  -4.326  -73.623  67.535 1.0000000000
10642  -6.111  -73.522  67.507 1.0000000000
10643  -7.204  -74.578  66.228 1.0000000000
10644  -7.879  -73.393  67.464 1.0000000000
11242  2.769  -64.593  76.290 1.0000000000
11243  1.657  -65.728  75.346 1.0000000000
11244  0.955  -64.533  76.384 1.0000000000
12261  -23.077  -68.450  69.153 1.0000000000
12262  -21.985  -67.439  70.488 1.0000000000
12263  -21.136  -68.909  69.317 1.0000000000
12264  -19.203  -69.325  69.465 1.0000000000
12265  -20.305  -70.316  68.142 1.0000000000
12266  -19.466  -71.655  66.983 1.0000000000
12267  -21.407  -71.238  66.834 1.0000000000
14649  -12.262  -77.346  62.187 1.0000000000
14666  -27.218  -69.782  66.255 1.0000000000
16447  -1.676  -69.091  72.274 1.0000000000
16448  -2.781  -70.211  71.152 1.0000000000
16449  -3.485  -69.011  72.287 1.0000000000
19477  -5.241  -59.824  79.960 1.0000000000
19478  -4.437  -61.308  78.877 1.0000000000
19479  -2.514  -61.578  78.752 1.0000000000
19480  -3.641  -62.744  77.781 1.0000000000
19481  -2.844  -64.124  76.682 1.0000000000
19482  -4.762  -63.877  76.792 1.0000000000
19483  -8.913  -65.867  74.714 1.0000000000
19484  -6.987  -66.131  74.686 1.0000000000
19485  -8.093  -67.250  73.566 1.0000000000
19486  -7.276  -68.604  72.392 1.0000000000
19487  -9.189  -68.370  72.396 1.0000000000
19503  -16.753  -64.576  74.493 1.0000000000
19504  -14.790  -64.949  74.584 1.0000000000
19505  -15.904  -66.092  73.341 1.0000000000
19506  -15.329  -70.038  69.711 1.0000000000
19507  -14.218  -68.966  71.004 1.0000000000
19508  -13.382  -70.339  69.810 1.0000000000
19509  -11.442  -70.599  69.892 1.0000000000
19510  -12.561  -71.670  68.597 1.0000000000
19511  -11.713  -72.948  67.390 1.0000000000
19512  -13.643  -72.678  67.319 1.0000000000
19513  -17.798  -74.239  64.590 1.0000000000
19514  -15.845  -74.590  64.694 1.0000000000
19515  -16.968  -75.496  63.343 1.0000000000
19516  -16.139  -76.738  62.055 1.0000000000
19517  -18.096  -76.373  61.965 1.0000000000
19518  -25.617  -72.462  63.976 1.0000000000
19519  -23.666  -72.959  64.163 1.0000000000
19520  -24.807  -73.765  62.796 1.0000000000
23766  -10.057  -75.430  64.878 1.0000000000
26669  -10.843  -65.583  74.708 1.0000000000
26678  -20.897  -66.382  71.810 1.0000000000
26679  -18.950  -66.820  71.945 1.0000000000
26680  -17.008  -67.207  72.069 1.0000000000
26681  -18.103  -68.289  70.773 1.0000000000
26682  -17.266  -69.702  69.595 1.0000000000
26683  -16.433  -71.069  68.404 1.0000000000
26684  -15.586  -72.371  67.227 1.0000000000
26685  -17.525  -72.031  67.115 1.0000000000
26686  -18.628  -72.959  65.803 1.0000000000
26687  -19.751  -73.850  64.468 1.0000000000
30514  -24.173  -69.415  67.803 1.0000000000
30515  -23.353  -70.786  66.663 1.0000000000
30516  -25.287  -70.299  66.472 1.0000000000
30517  -26.413  -71.139  65.128 1.0000000000
30518  -27.546  -71.936  63.768 1.0000000000
30520  -29.463  -71.384  63.532 1.0000000000
30521  -28.676  -72.700  62.389 1.0000000000
32930  -3.889  -71.323  69.986 1.0000000000
32931  -5.690  -71.231  69.955 1.0000000000
36672  1.315  -62.024  78.430 1.0000000000
36677  -4.097  -58.618  80.914 1.0000000000
36678  -2.161  -58.908  80.779 1.0000000000
36679  -1.375  -60.387  79.697 1.0000000000
36680  -0.595  -61.817  78.602 1.0000000000
36681  0.181  -63.202  77.495 1.0000000000
36682  -0.937  -64.339  76.548 1.0000000000
36683  -2.054  -65.465  75.565 1.0000000000
36684  -3.161  -66.582  74.544 1.0000000000
36685  -5.877  -65.006  75.761 1.0000000000
36686  -5.070  -66.367  74.631 1.0000000000
36687  -4.269  -67.700  73.474 1.0000000000
36688  -5.375  -68.817  72.355 1.0000000000
36689  -6.478  -69.927  71.191 1.0000000000
36690  -7.573  -71.028  69.983 1.0000000000
36710  -12.816  -65.282  74.659 1.0000000000
36711  -11.977  -66.727  73.513 1.0000000000
36712  -15.057  -67.554  72.179 1.0000000000
36713  -13.104  -67.861  72.271 1.0000000000
36714  -11.144  -68.132  72.345 1.0000000000
36715  -10.321  -69.496  71.161 1.0000000000
36716  -9.503  -70.829  69.949 1.0000000000
36717  -8.700  -72.134  68.709 1.0000000000
36718  -9.790  -73.183  67.442 1.0000000000
36719  -10.880  -74.200  66.151 1.0000000000
36720  -11.972  -75.184  64.838 1.0000000000
36721  -14.739  -73.647  66.021 1.0000000000
36722  -13.904  -74.903  64.779 1.0000000000
36723  -13.076  -76.138  63.499 1.0000000000
36724  -14.194  -77.061  62.131 1.0000000000
36725  -15.317  -77.945  60.745 1.0000000000
36727  -22.528  -72.118  65.509 1.0000000000
36728  -21.711  -73.423  64.325 1.0000000000
36729  -20.892  -74.704  63.110 1.0000000000
36730  -23.996  -75.056  61.570 1.0000000000
36731  -22.035  -75.534  61.718 1.0000000000
36732  -20.067  -75.973  61.850 1.0000000000
36733  -19.235  -77.217  60.561 1.0000000000
41360  -5.889  -72.376  68.753 1.0000000000
41361  -5.551  -72.980  68.141 1.0000000000
41362  -6.449  -72.926  68.119 1.0000000000
41363  -6.994  -73.458  67.490 1.0000000000
41364  -7.331  -72.862  68.098 1.0000000000
41960  2.983  -63.409  77.269 1.0000000000
41961  3.329  -64.013  76.755 1.0000000000
41962  2.422  -63.993  76.805 1.0000000000
41963  1.866  -64.564  76.342 1.0000000000
41964  1.516  -63.962  76.854 1.0000000000
42981  -22.660  -69.172  68.569 1.0000000000
42982  -22.106  -68.684  69.237 1.0000000000
42983  -21.684  -69.402  68.653 1.0000000000
42984  -20.718  -69.619  68.730 1.0000000000
42985  -21.275  -70.106  68.063 1.0000000000
42986  -20.856  -70.783  67.490 1.0000000000
42987  -21.822  -70.565  67.411 1.0000000000
45369  -11.706  -76.879  62.870 1.0000000000
47167  -2.028  -68.493  72.833 1.0000000000
47168  -2.577  -69.054  72.283 1.0000000000
47169  -2.932  -68.450  72.842 1.0000000000
50196  -5.971  -61.743  78.436 1.0000000000
50197  -5.407  -61.160  78.932 1.0000000000
50198  -5.006  -61.889  78.388 1.0000000000
50199  -4.038  -62.029  78.333 1.0000000000
50200  -4.606  -62.608  77.840 1.0000000000
50201  -4.202  -63.312  77.291 1.0000000000
50203  -9.466  -66.431  74.144 1.0000000000
50204  -8.500  -66.566  74.140 1.0000000000
50205  -9.052  -67.125  73.568 1.0000000000
50206  -8.639  -67.811  72.986 1.0000000000
50207  -9.602  -67.684  72.984 1.0000000000
50219  -18.834  -65.503  73.175 1.0000000000
50221  -18.287  -64.939  73.814 1.0000000000
50223  -17.310  -65.149  73.865 1.0000000000
50224  -16.327  -65.340  73.920 1.0000000000
50225  -16.881  -65.908  73.288 1.0000000000
50226  -14.912  -70.719  69.112 1.0000000000
50227  -14.356  -70.192  69.764 1.0000000000
50228  -13.940  -70.868  69.162 1.0000000000
50229  -12.973  -71.007  69.207 1.0000000000
50230  -13.526  -71.532  68.558 1.0000000000
50231  -13.102  -72.178  67.961 1.0000000000
50232  -14.072  -72.036  67.918 1.0000000000
50233  -18.362  -74.682  63.917 1.0000000000
50234  -17.385  -74.871  63.969 1.0000000000
50235  -17.945  -75.314  63.292 1.0000000000
50236  -17.534  -75.939  62.657 1.0000000000
50237  -18.512  -75.749  62.605 1.0000000000
50238  -26.182  -72.858  63.294 1.0000000000
50239  -25.211  -73.115  63.393 1.0000000000
50240  -25.784  -73.507  62.704 1.0000000000
54957  -2.873  -73.112  68.164 1.0000000000
54958  -4.888  -74.167  66.898 1.0000000000
54965  -8.086  -74.505  66.209 1.0000000000
54966  -7.753  -75.091  65.583 1.0000000000
54967  -8.629  -75.013  65.563 1.0000000000
54968  -9.172  -75.516  64.909 1.0000000000
54969  -9.513  -74.934  65.532 1.0000000000
56758  4.016  -65.200  75.716 1.0000000000
56760  4.359  -65.785  75.188 1.0000000000
56761  4.700  -66.371  74.651 1.0000000000
56762  3.804  -66.361  74.711 1.0000000000
56764  2.904  -66.344  74.767 1.0000000000
56765  0.748  -65.696  75.389 1.0000000000
56766  1.099  -66.292  74.861 1.0000000000
56767  0.196  -66.258  74.899 1.0000000000
56769  -0.715  -66.219  74.930 1.0000000000
59806  -10.290  -65.016  75.280 1.0000000000
59807  -11.263  -64.862  75.273 1.0000000000
59819  -21.010  -67.668  70.566 1.0000000000
59820  -21.442  -66.915  71.152 1.0000000000
59821  -20.467  -67.143  71.224 1.0000000000
59822  -19.926  -66.605  71.880 1.0000000000
59823  -19.493  -67.356  71.296 1.0000000000
59824  -18.528  -67.562  71.359 1.0000000000
59825  -19.072  -68.090  70.710 1.0000000000
59826  -18.785  -70.026  68.873 1.0000000000
59827  -18.234  -69.521  69.529 1.0000000000
59828  -17.816  -70.214  68.939 1.0000000000
59829  -16.848  -70.392  69.000 1.0000000000
59830  -17.402  -70.896  68.345 1.0000000000
59831  -16.980  -71.556  67.760 1.0000000000
59832  -17.949  -71.377  67.699 1.0000000000
59833  -20.020  -72.111  66.327 1.0000000000
59834  -19.046  -72.310  66.396 1.0000000000
59835  -19.603  -72.760  65.739 1.0000000000
59836  -19.187  -73.406  65.141 1.0000000000
59837  -20.163  -73.206  65.071 1.0000000000
67029  -24.591  -68.695  68.383 1.0000000000
67031  -24.728  -69.863  67.139 1.0000000000
67032  -25.697  -69.612  67.036 1.0000000000
67033  -27.781  -70.198  65.578 1.0000000000
67034  -26.816  -70.465  65.693 1.0000000000
67035  -27.379  -70.875  65.016 1.0000000000
67036  -26.979  -71.542  64.450 1.0000000000
67037  -27.942  -71.271  64.340 1.0000000000
67044  -29.068  -72.045  62.965 1.0000000000
72371  2.487  -68.649  72.671 1.0000000000
72372  1.585  -68.625  72.720 1.0000000000
72380  -3.685  -70.169  71.153 1.0000000000
72381  -3.335  -70.768  70.575 1.0000000000
72382  -4.238  -70.727  70.567 1.0000000000
72383  -4.786  -71.280  69.973 1.0000000000
72384  -5.139  -70.681  70.554 1.0000000000
81452  0.930  -61.327  78.982 1.0000000000
81464  -4.269  -59.977  79.903 1.0000000000
81465  -4.667  -59.225  80.440 1.0000000000
81466  -3.695  -59.376  80.379 1.0000000000
81467  -3.126  -58.769  80.848 1.0000000000
81468  -2.731  -59.521  80.311 1.0000000000
81469  -1.768  -59.651  80.241 1.0000000000
81470  -2.336  -60.260  79.770 1.0000000000
81471  -2.120  -62.288  78.203 1.0000000000
81472  -1.550  -61.701  78.681 1.0000000000
81473  -1.159  -62.407  78.128 1.0000000000
81474  -0.206  -62.514  78.051 1.0000000000
81475  -0.770  -63.095  77.578 1.0000000000
81476  -0.381  -63.775  77.024 1.0000000000
81477  -1.331  -63.666  77.103 1.0000000000
81478  -3.403  -64.685  76.186 1.0000000000
81479  -2.451  -64.799  76.126 1.0000000000
81480  -3.003  -65.360  75.625 1.0000000000
81481  -2.611  -66.024  75.060 1.0000000000
81482  -3.559  -65.916  75.116 1.0000000000
81483  -7.247  -64.173  76.350 1.0000000000
81484  -6.280  -64.312  76.319 1.0000000000
81485  -6.837  -64.875  75.792 1.0000000000
81486  -6.579  -66.810  74.116 1.0000000000
81487  -6.025  -66.250  74.663 1.0000000000
81488  -5.624  -66.925  74.090 1.0000000000
81489  -4.668  -67.035  74.057 1.0000000000
81490  -5.222  -67.596  73.509 1.0000000000
81491  -4.822  -68.257  72.922 1.0000000000
81492  -5.774  -68.154  72.950 1.0000000000
81493  -7.827  -69.158  71.804 1.0000000000
81494  -6.873  -69.269  71.795 1.0000000000
81495  -7.423  -69.824  71.200 1.0000000000
81496  -7.024  -70.481  70.591 1.0000000000
81497  -7.973  -70.376  70.595 1.0000000000
81546  -14.364  -65.695  74.013 1.0000000000
81547  -13.803  -65.123  74.622 1.0000000000
81548  -13.384  -65.856  74.053 1.0000000000
81549  -12.399  -66.009  74.089 1.0000000000
81550  -12.961  -66.583  73.476 1.0000000000
81551  -16.588  -67.936  71.481 1.0000000000
81552  -16.036  -67.388  72.123 1.0000000000
81553  -15.611  -68.105  71.540 1.0000000000
81554  -13.242  -69.113  71.049 1.0000000000
81555  -13.662  -68.419  71.640 1.0000000000
81556  -12.684  -68.560  71.684 1.0000000000
81557  -12.124  -67.999  72.312 1.0000000000
81558  -11.706  -68.692  71.724 1.0000000000
81559  -10.729  -68.818  71.756 1.0000000000
81560  -11.295  -69.375  71.131 1.0000000000
81561  -11.032  -71.263  69.281 1.0000000000
81562  -10.472  -70.719  69.922 1.0000000000
81563  -10.065  -71.377  69.311 1.0000000000
81564  -9.100  -71.486  69.332 1.0000000000
81565  -9.662  -72.030  68.690 1.0000000000
81566  -9.248  -72.664  68.077 1.0000000000
81567  -10.208  -72.553  68.058 1.0000000000
81568  -12.256  -73.450  66.745 1.0000000000
81569  -11.292  -73.577  66.775 1.0000000000
81570  -11.841  -74.073  66.128 1.0000000000
81571  -11.425  -74.696  65.498 1.0000000000
81572  -12.387  -74.564  65.474 1.0000000000
81573  -16.133  -72.852  66.575 1.0000000000
81574  -15.164  -73.014  66.625 1.0000000000
81575  -15.713  -73.490  65.972 1.0000000000
81576  -15.433  -75.215  64.066 1.0000000000
81577  -14.876  -74.750  64.739 1.0000000000
81578  -14.460  -75.373  64.107 1.0000000000
81579  -13.489  -75.523  64.143 1.0000000000
81580  -14.045  -75.992  63.466 1.0000000000
81581  -13.633  -76.604  62.817 1.0000000000
81582  -14.604  -76.452  62.784 1.0000000000
81583  -16.706  -77.173  61.362 1.0000000000
81584  -15.727  -77.345  61.404 1.0000000000
81585  -16.288  -77.778  60.706 1.0000000000
81586  -15.878  -78.377  60.041 1.0000000000
81587  -16.856  -78.202  60.003 1.0000000000
81588  -23.916  -71.218  66.000 1.0000000000
81589  -22.942  -71.457  66.087 1.0000000000
81590  -23.503  -71.885  65.423 1.0000000000
81591  -23.257  -73.608  63.568 1.0000000000
81592  -22.688  -73.195  64.247 1.0000000000
81593  -22.279  -73.842  63.647 1.0000000000
81594  -21.301  -74.067  63.721 1.0000000000
81595  -21.871  -74.484  63.037 1.0000000000
81599  -22.192  -76.565  60.376 1.0000000000
81600  -22.608  -75.935  61.014 1.0000000000
81601  -21.620  -76.165  61.086 1.0000000000
81602  -21.049  -75.757  61.788 1.0000000000
81603  -20.638  -76.389  61.146 1.0000000000
81604  -19.651  -76.599  61.208 1.0000000000
81605  -20.221  -77.011  60.502 1.0000000000
92878  -4.096  -72.470  68.785 1.0000000000
92879  -3.763  -73.072  68.164 1.0000000000
92880  -4.659  -73.026  68.158 1.0000000000
92881  -5.220  -73.574  67.525 1.0000000000
92882  -5.781  -74.118  66.882 1.0000000000
92884  -6.661  -74.053  66.872 1.0000000000
92885  -7.542  -73.985  66.853 1.0000000000
92886  -8.422  -73.913  66.827 1.0000000000
93961  3.673  -64.609  76.237 1.0000000000
93962  3.115  -65.186  75.770 1.0000000000
93963  2.562  -65.751  75.301 1.0000000000
93964  2.215  -65.163  75.821 1.0000000000
93965  1.307  -65.134  75.868 1.0000000000
93966  0.396  -65.101  75.906 1.0000000000
95795  -23.503  -67.708  69.737 1.0000000000
95796  -22.955  -67.201  70.406 1.0000000000
95797  -22.531  -67.949  69.823 1.0000000000
95798  -21.556  -68.181  69.905 1.0000000000
95799  -20.586  -68.402  69.981 1.0000000000
95800  -19.618  -68.613  70.053 1.0000000000
95801  -20.166  -69.123  69.392 1.0000000000
95802  -19.754  -69.827  68.803 1.0000000000
95803  -19.340  -70.519  68.213 1.0000000000
95804  -18.919  -71.188  67.634 1.0000000000
95805  -19.885  -70.991  67.564 1.0000000000
95806  -20.434  -71.452  66.911 1.0000000000
95807  -20.988  -71.902  66.254 1.0000000000
100094  -11.925  -77.914  61.541 1.0000000000
100095  -12.821  -77.805  61.499 1.0000000000
103328  0.683  -68.594  72.763 1.0000000000
103331  -1.328  -69.685  71.709 1.0000000000
103332  -1.883  -70.250  71.144 1.0000000000
103333  -2.231  -69.650  71.721 1.0000000000
103334  -3.131  -69.612  71.724 1.0000000000
103335  -4.039  -69.568  71.722 1.0000000000
108785  -4.836  -60.574  79.419 1.0000000000
108786  -3.871  -60.720  79.360 1.0000000000
108787  -2.903  -60.858  79.296 1.0000000000
108788  -3.474  -61.447  78.817 1.0000000000
108789  -3.078  -62.162  78.272 1.0000000000
108790  -2.683  -62.866  77.722 1.0000000000
108791  -2.284  -63.556  77.171 1.0000000000
108792  -3.244  -63.438  77.234 1.0000000000
108793  -3.804  -64.005  76.739 1.0000000000
108794  -4.357  -64.566  76.238 1.0000000000
108795  -8.360  -65.304  75.270 1.0000000000
108796  -7.392  -65.440  75.252 1.0000000000
108797  -7.947  -65.999  74.706 1.0000000000
108798  -7.541  -66.691  74.132 1.0000000000
108799  -7.131  -67.371  73.554 1.0000000000
108800  -6.725  -68.047  72.968 1.0000000000
108801  -7.683  -67.932  72.981 1.0000000000
108802  -8.234  -68.491  72.396 1.0000000000
108803  -8.779  -69.045  71.803 1.0000000000
108833  -15.772  -64.768  74.541 1.0000000000
108834  -15.349  -65.522  73.968 1.0000000000
108835  -14.927  -66.266  73.390 1.0000000000
108836  -15.748  -69.349  70.304 1.0000000000
108837  -15.194  -68.814  70.949 1.0000000000
108838  -14.773  -69.509  70.358 1.0000000000
108839  -13.799  -69.657  70.409 1.0000000000
108840  -12.825  -69.797  70.455 1.0000000000
108841  -11.855  -69.929  70.494 1.0000000000
108842  -12.414  -70.473  69.853 1.0000000000
108843  -12.002  -71.138  69.248 1.0000000000
108844  -11.593  -71.798  68.635 1.0000000000
108845  -11.172  -72.437  68.030 1.0000000000
108846  -12.133  -72.310  68.000 1.0000000000
108847  -12.680  -72.816  67.358 1.0000000000
108848  -13.223  -73.312  66.712 1.0000000000
108849  -17.238  -73.782  65.261 1.0000000000
108850  -16.265  -73.958  65.312 1.0000000000
108851  -16.824  -74.416  64.647 1.0000000000
108852  -16.405  -75.046  64.023 1.0000000000
108853  -15.995  -75.672  63.387 1.0000000000
108854  -15.580  -76.291  62.745 1.0000000000
108855  -16.553  -76.121  62.702 1.0000000000
108856  -17.119  -76.559  62.014 1.0000000000
108857  -17.682  -76.991  61.316 1.0000000000
108858  -25.049  -72.056  64.657 1.0000000000
108859  -24.073  -72.306  64.748 1.0000000000
108860  -24.642  -72.714  64.074 1.0000000000
108861  -24.235  -73.366  63.483 1.0000000000
108862  -23.830  -74.013  62.882 1.0000000000
108867  -21.774  -77.194  59.724 1.0000000000
108868  -20.792  -77.415  59.788 1.0000000000
116877  -3.438  -73.666  67.539 1.0000000000
116891  -9.722  -76.011  64.248 1.0000000000
116892  -10.604  -75.921  64.215 1.0000000000
119407  2.005  -66.320  74.817 1.0000000000
123659  -8.212  -64.030  76.372 1.0000000000
123662  -8.769  -64.596  75.832 1.0000000000
123663  -9.324  -65.161  75.281 1.0000000000
123664  -9.877  -65.730  74.713 1.0000000000
123665  -10.429  -66.292  74.139 1.0000000000
123685  -20.358  -65.838  72.463 1.0000000000
123686  -19.380  -66.059  72.530 1.0000000000
123687  -18.404  -66.271  72.591 1.0000000000
123688  -17.431  -66.468  72.651 1.0000000000
123689  -17.979  -67.020  72.007 1.0000000000
123690  -17.558  -67.754  71.422 1.0000000000
123691  -17.134  -68.475  70.835 1.0000000000
123692  -18.654  -68.813  70.120 1.0000000000
123693  -17.685  -69.002  70.185 1.0000000000
123694  -16.717  -69.181  70.246 1.0000000000
123695  -16.297  -69.876  69.655 1.0000000000
123696  -15.880  -70.558  69.061 1.0000000000
123697  -15.465  -71.233  68.459 1.0000000000
123698  -15.038  -71.886  67.870 1.0000000000
123699  -16.011  -71.723  67.819 1.0000000000
123700  -16.555  -72.206  67.174 1.0000000000
123701  -17.103  -72.679  66.523 1.0000000000
123702  -18.495  -71.849  67.050 1.0000000000
123703  -18.074  -72.498  66.463 1.0000000000
123704  -17.655  -73.145  65.864 1.0000000000
123705  -18.213  -73.601  65.201 1.0000000000
123706  -18.774  -74.047  64.534 1.0000000000
123707  -19.339  -74.488  63.855 1.0000000000
133286  -24.044  -68.209  69.061 1.0000000000
133287  -23.622  -68.939  68.479 1.0000000000
133288  -23.209  -69.655  67.894 1.0000000000
133289  -22.794  -70.341  67.325 1.0000000000
133290  -23.764  -70.105  67.236 1.0000000000
133291  -24.322  -70.545  66.572 1.0000000000
133292  -24.882  -70.976  65.904 1.0000000000
133293  -26.253  -70.045  66.366 1.0000000000
133294  -25.851  -70.724  65.801 1.0000000000
133295  -25.448  -71.394  65.232 1.0000000000
133296  -26.013  -71.803  64.557 1.0000000000
133297  -26.581  -72.202  63.877 1.0000000000
133298  -27.147  -72.593  63.193 1.0000000000
133305  -28.507  -71.663  63.653 1.0000000000
133306  -28.108  -72.325  63.080 1.0000000000
139986  -3.542  -71.920  69.390 1.0000000000
139987  -4.442  -71.876  69.383 1.0000000000
139988  -5.338  -71.832  69.366 1.0000000000
139989  -6.236  -71.781  69.344 1.0000000000
150984  1.692  -62.709  77.877 1.0000000000
151000  -3.521  -58.003  81.383 1.0000000000
151001  -2.554  -58.151  81.314 1.0000000000
151002  -1.585  -58.289  81.240 1.0000000000
151003  -1.193  -59.037  80.704 1.0000000000
151004  -0.801  -59.777  80.162 1.0000000000
151005  -0.412  -60.507  79.616 1.0000000000
151006  -1.943  -60.984  79.228 1.0000000000
151007  -0.984  -61.107  79.151 1.0000000000
151008  -0.023  -61.222  79.069 1.0000000000
151009  0.364  -61.925  78.519 1.0000000000
151010  0.744  -62.616  77.966 1.0000000000
151011  1.129  -63.295  77.411 1.0000000000
151012  0.566  -63.872  76.941 1.0000000000
151013  0.010  -64.438  76.470 1.0000000000
151014  -0.549  -65.004  75.988 1.0000000000
151015  -1.892  -64.235  76.618 1.0000000000
151016  -1.496  -64.903  76.061 1.0000000000
151017  -1.107  -65.566  75.497 1.0000000000
151018  -1.659  -66.126  74.997 1.0000000000
151019  -2.215  -66.681  74.490 1.0000000000
151020  -2.770  -67.239  73.968 1.0000000000
151021  -5.722  -63.744  76.837 1.0000000000
151022  -5.320  -64.441  76.283 1.0000000000
151023  -4.914  -65.130  75.722 1.0000000000
151024  -6.432  -65.564  75.232 1.0000000000
151025  -5.470  -65.691  75.199 1.0000000000
151026  -4.516  -65.805  75.162 1.0000000000
151027  -4.114  -66.475  74.594 1.0000000000
151028  -3.715  -67.142  74.014 1.0000000000
151029  -3.324  -67.796  73.435 1.0000000000
151030  -3.878  -68.356  72.886 1.0000000000
151031  -4.426  -68.914  72.328 1.0000000000
151032  -4.979  -69.470  71.757 1.0000000000
151033  -6.326  -68.711  72.380 1.0000000000
151034  -5.927  -69.373  71.779 1.0000000000
151035  -5.531  -70.028  71.172 1.0000000000
151036  -6.082  -70.583  70.576 1.0000000000
151037  -6.628  -71.135  69.971 1.0000000000
151038  -7.178  -71.679  69.358 1.0000000000
151097  -13.235  -64.543  75.226 1.0000000000
151098  -12.246  -64.707  75.253 1.0000000000
151099  -11.830  -65.437  74.687 1.0000000000
151100  -11.414  -66.155  74.117 1.0000000000
151101  -10.995  -66.864  73.541 1.0000000000
151102  -16.457  -66.655  72.707 1.0000000000
151103  -15.482  -66.828  72.762 1.0000000000
151104  -14.502  -66.996  72.810 1.0000000000
151105  -14.639  -68.268  71.590 1.0000000000
151106  -14.083  -67.711  72.228 1.0000000000
151107  -13.520  -67.151  72.855 1.0000000000
151108  -12.544  -67.296  72.896 1.0000000000
151109  -11.563  -67.435  72.930 1.0000000000
151110  -10.582  -67.563  72.960 1.0000000000
151111  -10.166  -68.253  72.375 1.0000000000
151112  -9.753  -68.934  71.784 1.0000000000
151113  -9.348  -69.609  71.184 1.0000000000
151114  -10.882  -70.051  70.530 1.0000000000
151115  -9.910  -70.165  70.560 1.0000000000
151116  -8.940  -70.274  70.581 1.0000000000
151117  -8.537  -70.932  69.970 1.0000000000
151118  -8.137  -71.583  69.351 1.0000000000
151119  -7.742  -72.231  68.722 1.0000000000
151120  -8.290  -72.765  68.092 1.0000000000
151121  -8.833  -73.291  67.456 1.0000000000
151122  -9.375  -73.807  66.818 1.0000000000
151123  -10.750  -73.069  67.419 1.0000000000
151124  -10.332  -73.696  66.799 1.0000000000
151125  -9.923  -74.319  66.168 1.0000000000
151126  -10.467  -74.818  65.519 1.0000000000
151127  -11.012  -75.311  64.862 1.0000000000
151128  -11.560  -75.797  64.196 1.0000000000
151129  -14.614  -72.530  67.274 1.0000000000
151130  -14.192  -73.168  66.671 1.0000000000
151131  -13.768  -73.800  66.061 1.0000000000
151132  -15.290  -74.121  65.363 1.0000000000
151133  -14.323  -74.278  65.403 1.0000000000
151134  -13.353  -74.428  65.439 1.0000000000
151135  -12.936  -75.049  64.810 1.0000000000
151136  -12.522  -75.666  64.171 1.0000000000
151137  -12.112  -76.277  63.523 1.0000000000
151138  -12.667  -76.746  62.846 1.0000000000
151139  -13.225  -77.208  62.161 1.0000000000
151140  -13.787  -77.659  61.473 1.0000000000
151141  -15.167  -76.901  62.098 1.0000000000
151142  -14.752  -77.507  61.441 1.0000000000
151143  -14.345  -78.105  60.777 1.0000000000
151144  -14.905  -78.539  60.078 1.0000000000
151147  -22.380  -71.018  66.750 1.0000000000
151148  -21.967  -71.685  66.172 1.0000000000
151149  -21.552  -72.342  65.590 1.0000000000
151150  -23.097  -72.543  64.839 1.0000000000
151151  -22.121  -72.773  64.921 1.0000000000
151152  -21.140  -72.995  64.999 1.0000000000
151153  -20.729  -73.641  64.399 1.0000000000
151154  -20.317  -74.280  63.794 1.0000000000
151155  -19.908  -74.917  63.175 1.0000000000
151157  -24.402  -74.413  62.187 1.0000000000
151158  -23.424  -74.657  62.271 1.0000000000
151159  -23.589  -75.695  60.941 1.0000000000
151160  -23.016  -75.297  61.649 1.0000000000
151161  -22.444  -74.894  62.347 1.0000000000
151162  -21.463  -75.123  62.417 1.0000000000
151163  -20.477  -75.342  62.484 1.0000000000
151164  -19.497  -75.549  62.548 1.0000000000
151165  -19.081  -76.177  61.911 1.0000000000
151166  -18.665  -76.799  61.266 1.0000000000
151167  -18.251  -77.415  60.612 1.0000000000
151168  -19.804  -77.629  59.847 1.0000000000
151169  -18.819  -77.830  59.902 1.0000000000
151170  -17.836  -78.021  59.955 1.0000000000
