#!ascii label  , from subject  vox2ras=TkReg
2022
45  -30.630  -22.720  92.442 1.0000000000
46  -54.075  -8.632  83.674 1.0000000000
165  -20.927  -13.961  96.784 1.0000000000
166  -32.932  -7.307  94.139 1.0000000000
168  -15.501  -26.819  95.081 1.0000000000
369  -42.836  -16.070  88.920 1.0000000000
468  -64.080  -17.489  74.753 1.0000000000
646  -22.033  -6.382  97.334 1.0000000000
648  -13.384  -15.916  97.814 1.0000000000
850  -35.360  -27.210  89.495 1.0000000000
851  -41.571  -23.972  87.734 1.0000000000
852  -36.916  -19.568  90.853 1.0000000000
853  -33.737  0.588  94.135 1.0000000000
860  -23.218  -24.871  94.034 1.0000000000
861  -20.505  -31.520  92.661 1.0000000000
862  -28.148  -29.565  91.289 1.0000000000
1023  -53.150  -16.620  83.059 1.0000000000
1025  -59.269  -13.133  79.465 1.0000000000
1447  -25.799  -18.283  94.869 1.0000000000
1448  -31.905  -15.104  93.562 1.0000000000
1449  -27.013  -10.785  95.677 1.0000000000
1450  -27.949  -2.936  95.970 1.0000000000
1452  -7.747  -28.629  95.500 1.0000000000
1453  -10.575  -22.267  96.914 1.0000000000
1454  -18.341  -20.379  96.168 1.0000000000
1816  -47.435  -20.357  85.647 1.0000000000
1817  -48.500  -12.362  86.573 1.0000000000
1818  -37.998  -11.665  91.761 1.0000000000
1828  -12.683  -33.343  93.420 1.0000000000
2055  -65.152  -9.446  75.273 1.0000000000
2770  -33.017  -24.978  91.027 1.0000000000
2771  -36.191  -23.436  90.227 1.0000000000
2772  -33.809  -21.200  91.692 1.0000000000
2780  -26.980  -23.843  93.293 1.0000000000
2781  -25.698  -27.224  92.728 1.0000000000
2782  -29.437  -26.177  91.914 1.0000000000
2783  -31.799  -28.439  90.444 1.0000000000
2943  -53.650  -12.630  83.440 1.0000000000
2944  -56.230  -14.870  81.345 1.0000000000
2945  -56.694  -10.878  81.654 1.0000000000
3370  -23.381  -16.135  95.880 1.0000000000
3371  -26.459  -14.599  95.325 1.0000000000
3372  -24.022  -12.431  96.273 1.0000000000
3374  -24.995  -4.672  96.713 1.0000000000
3376  -28.280  0.983  95.913 1.0000000000
3379  -8.118  -19.935  97.656 1.0000000000
3380  -17.211  -14.993  97.360 1.0000000000
3381  -15.875  -18.151  97.049 1.0000000000
3382  -19.694  -17.197  96.522 1.0000000000
3383  -22.135  -19.377  95.575 1.0000000000
3988  -42.245  -20.045  88.394 1.0000000000
3989  -44.533  -22.200  86.741 1.0000000000
3990  -45.144  -18.228  87.348 1.0000000000
3991  -47.993  -16.360  86.192 1.0000000000
3992  -45.685  -14.230  87.809 1.0000000000
3993  -32.435  -11.224  93.926 1.0000000000
3994  -34.976  -13.409  92.719 1.0000000000
3995  -35.475  -9.485  93.014 1.0000000000
4015  -11.621  -27.752  95.367 1.0000000000
4016  -10.208  -30.990  94.527 1.0000000000
4017  -14.093  -30.095  94.317 1.0000000000
4018  -22.983  -33.859  91.244 1.0000000000
4019  -19.101  -34.789  91.787 1.0000000000
4506  -61.141  -19.249  76.754 1.0000000000
4512  -62.654  -7.189  77.607 1.0000000000
4513  -65.506  -5.353  75.368 1.0000000000
4515  -70.304  -9.755  70.442 1.0000000000
5767  -18.451  -11.776  97.575 1.0000000000
5768  -21.538  -10.232  97.116 1.0000000000
5772  -9.528  -16.756  98.125 1.0000000000
5774  -14.727  -12.806  98.077 1.0000000000
6136  -37.644  -29.382  87.862 1.0000000000
6137  -40.784  -27.798  86.971 1.0000000000
6138  -38.522  -25.650  88.646 1.0000000000
6139  -39.273  -21.782  89.349 1.0000000000
6140  -39.926  -17.851  89.929 1.0000000000
6141  -33.377  -3.368  94.205 1.0000000000
6154  -19.376  -25.859  94.635 1.0000000000
6155  -17.999  -29.165  93.944 1.0000000000
6156  -21.872  -28.209  93.413 1.0000000000
6157  -24.362  -30.569  92.044 1.0000000000
6158  -26.800  -32.884  90.556 1.0000000000
6160  -30.486  -31.803  89.773 1.0000000000
6161  -34.110  -30.642  88.868 1.0000000000
6447  -52.584  -20.572  82.533 1.0000000000
6449  -55.680  -18.827  80.902 1.0000000000
6450  -58.738  -17.089  79.107 1.0000000000
6451  -61.733  -15.344  77.160 1.0000000000
7213  -28.215  -20.479  93.726 1.0000000000
7214  -31.315  -18.936  93.063 1.0000000000
7215  -28.883  -16.746  94.262 1.0000000000
7216  -29.452  -12.944  94.684 1.0000000000
7217  -29.971  -9.066  94.971 1.0000000000
7218  -24.540  -8.585  96.561 1.0000000000
7219  -27.502  -6.875  95.898 1.0000000000
7220  -30.453  -5.127  95.112 1.0000000000
7221  -30.865  -1.190  95.110 1.0000000000
7226  -9.156  -25.468  96.268 1.0000000000
7227  -13.039  -24.551  96.058 1.0000000000
7228  -11.996  -19.066  97.430 1.0000000000
7229  -14.469  -21.336  96.620 1.0000000000
7230  -16.931  -23.586  95.692 1.0000000000
7231  -20.779  -22.605  95.170 1.0000000000
7232  -24.561  -21.583  94.504 1.0000000000
7455  -54.430  -4.676  83.758 1.0000000000
7456  -57.081  -6.775  81.828 1.0000000000
8077  -46.793  -24.300  84.970 1.0000000000
8078  -49.700  -22.434  83.825 1.0000000000
8079  -50.300  -18.481  84.429 1.0000000000
8080  -50.827  -14.485  84.893 1.0000000000
8081  -51.295  -10.490  85.198 1.0000000000
8082  -34.427  -17.317  92.276 1.0000000000
8083  -37.488  -15.619  91.382 1.0000000000
8084  -40.456  -13.859  90.395 1.0000000000
8087  -43.348  -12.041  89.308 1.0000000000
8088  -46.171  -10.188  88.116 1.0000000000
8090  -51.706  -6.445  85.352 1.0000000000
8110  -6.330  -31.823  94.590 1.0000000000
8111  -8.795  -34.204  93.556 1.0000000000
8113  -16.598  -32.446  93.122 1.0000000000
8114  -15.178  -35.687  92.174 1.0000000000
8733  -59.708  -9.032  79.708 1.0000000000
8734  -62.254  -11.293  77.440 1.0000000000
8735  -64.671  -13.489  75.072 1.0000000000
8736  -67.970  -7.590  72.955 1.0000000000
8737  -67.533  -11.633  72.828 1.0000000000
8738  -66.983  -15.634  72.587 1.0000000000
10450  -31.826  -23.850  91.751 1.0000000000
10451  -33.426  -23.101  91.373 1.0000000000
10452  -32.228  -21.973  92.079 1.0000000000
10460  -28.818  -23.294  92.881 1.0000000000
10461  -28.213  -25.011  92.620 1.0000000000
10462  -30.048  -24.458  92.190 1.0000000000
10463  -31.240  -25.590  91.483 1.0000000000
10623  -53.868  -10.626  83.578 1.0000000000
10624  -55.176  -11.752  82.568 1.0000000000
10625  -55.385  -9.748  82.689 1.0000000000
11050  -22.155  -15.048  96.347 1.0000000000
11051  -23.719  -14.304  96.088 1.0000000000
11052  -22.490  -13.213  96.538 1.0000000000
11059  -6.908  -18.729  97.987 1.0000000000
11060  -19.084  -14.492  97.086 1.0000000000
11061  -18.455  -16.096  96.955 1.0000000000
11062  -20.327  -15.592  96.663 1.0000000000
11063  -21.553  -16.683  96.214 1.0000000000
11668  -42.547  -18.059  88.677 1.0000000000
11669  -43.703  -19.142  87.884 1.0000000000
11670  -43.993  -17.153  88.150 1.0000000000
11671  -45.420  -16.232  87.599 1.0000000000
11672  -44.265  -15.160  88.379 1.0000000000
11673  -32.686  -9.272  94.051 1.0000000000
11674  -33.959  -10.355  93.485 1.0000000000
11675  -34.205  -8.396  93.592 1.0000000000
11695  -13.561  -27.290  95.244 1.0000000000
11696  -12.856  -28.924  94.859 1.0000000000
11697  -14.797  -28.464  94.715 1.0000000000
11698  -24.197  -34.998  90.496 1.0000000000
11699  -22.277  -35.482  90.801 1.0000000000
12186  -62.621  -18.371  75.770 1.0000000000
12192  -64.235  -4.217  76.525 1.0000000000
13451  -18.771  -9.930  97.719 1.0000000000
13461  -13.489  -11.711  98.392 1.0000000000
13463  -16.608  -12.313  97.840 1.0000000000
14065  -36.509  -28.309  88.689 1.0000000000
14066  -38.100  -27.536  88.262 1.0000000000
14067  -36.955  -26.446  89.078 1.0000000000
14068  -36.566  -21.508  90.556 1.0000000000
14069  -37.745  -22.622  89.797 1.0000000000
14070  -38.101  -20.677  90.115 1.0000000000
14071  -39.609  -19.822  89.656 1.0000000000
14072  -38.435  -18.717  90.402 1.0000000000
14073  -33.571  -1.390  94.186 1.0000000000
14074  -34.856  -2.470  93.696 1.0000000000
14075  -35.032  -0.492  93.662 1.0000000000
14094  -6.138  -36.171  93.027 1.0000000000
14095  -21.305  -25.372  94.352 1.0000000000
14096  -20.623  -27.034  94.042 1.0000000000
14097  -22.550  -26.546  93.738 1.0000000000
14098  -26.927  -28.397  92.025 1.0000000000
14099  -25.037  -28.903  92.400 1.0000000000
14100  -26.265  -30.075  91.682 1.0000000000
14101  -25.590  -31.738  91.312 1.0000000000
14102  -27.479  -31.235  90.936 1.0000000000
14103  -28.649  -32.353  90.180 1.0000000000
14104  -29.323  -30.693  90.543 1.0000000000
14105  -33.592  -27.837  89.982 1.0000000000
14106  -32.960  -29.550  89.669 1.0000000000
14107  -34.749  -28.946  89.189 1.0000000000
14108  -35.891  -30.028  88.375 1.0000000000
14583  -52.880  -18.601  82.812 1.0000000000
14584  -54.132  -19.698  81.742 1.0000000000
14585  -54.423  -17.725  82.000 1.0000000000
14586  -57.755  -14.000  80.426 1.0000000000
14587  -57.497  -15.988  80.240 1.0000000000
14588  -59.017  -15.120  79.299 1.0000000000
14589  -60.248  -16.216  78.149 1.0000000000
14590  -60.517  -14.247  78.325 1.0000000000
15865  -27.007  -19.373  94.315 1.0000000000
15866  -28.564  -18.618  94.008 1.0000000000
15867  -27.358  -17.528  94.574 1.0000000000
15868  -26.744  -12.705  95.516 1.0000000000
15869  -27.965  -13.782  95.016 1.0000000000
15870  -28.237  -11.872  95.193 1.0000000000
15871  -29.719  -11.015  94.844 1.0000000000
15872  -28.491  -9.934  95.339 1.0000000000
15873  -21.800  -8.318  97.240 1.0000000000
15874  -23.043  -9.422  96.852 1.0000000000
15875  -23.289  -7.483  96.962 1.0000000000
15876  -26.472  -3.804  96.358 1.0000000000
15877  -26.256  -5.771  96.319 1.0000000000
15878  -27.735  -4.906  95.952 1.0000000000
15879  -28.980  -6.002  95.520 1.0000000000
15880  -29.206  -4.030  95.555 1.0000000000
15881  -30.673  -3.156  95.127 1.0000000000
15882  -29.416  -2.061  95.553 1.0000000000
15890  -8.639  -22.710  97.003 1.0000000000
15892  -9.868  -23.871  96.606 1.0000000000
15893  -11.100  -25.017  96.182 1.0000000000
15894  -11.808  -23.412  96.501 1.0000000000
15895  -11.455  -16.346  97.988 1.0000000000
15896  -10.759  -17.919  97.791 1.0000000000
15897  -12.694  -17.485  97.638 1.0000000000
15898  -17.113  -19.265  96.623 1.0000000000
15899  -15.174  -19.739  96.851 1.0000000000
15900  -16.409  -20.861  96.413 1.0000000000
15901  -15.701  -22.460  96.172 1.0000000000
15902  -17.639  -21.979  95.947 1.0000000000
15903  -18.859  -23.102  95.450 1.0000000000
15904  -19.559  -21.490  95.685 1.0000000000
15905  -23.986  -18.845  95.234 1.0000000000
15906  -23.349  -20.471  95.057 1.0000000000
15907  -25.194  -19.936  94.699 1.0000000000
15908  -26.405  -21.043  94.127 1.0000000000
16384  -55.908  -3.754  82.826 1.0000000000
17718  -41.192  -25.903  87.363 1.0000000000
17720  -42.709  -25.046  86.883 1.0000000000
17721  -45.991  -21.287  86.207 1.0000000000
17722  -45.668  -23.261  85.868 1.0000000000
17723  -47.125  -22.338  85.324 1.0000000000
17724  -48.251  -23.374  84.413 1.0000000000
17725  -48.573  -21.403  84.750 1.0000000000
17726  -50.009  -20.470  84.143 1.0000000000
17727  -48.869  -19.422  85.057 1.0000000000
17728  -48.251  -14.360  86.404 1.0000000000
17729  -49.414  -15.424  85.559 1.0000000000
17730  -49.662  -13.419  85.753 1.0000000000
17731  -51.066  -12.486  85.067 1.0000000000
17732  -49.901  -11.422  85.904 1.0000000000
17733  -31.618  -17.026  93.329 1.0000000000
17734  -32.878  -18.139  92.682 1.0000000000
17735  -33.168  -16.206  92.937 1.0000000000
17736  -36.498  -12.542  92.253 1.0000000000
17737  -36.239  -14.508  92.067 1.0000000000
17738  -37.750  -13.644  91.590 1.0000000000
17739  -38.984  -14.748  90.900 1.0000000000
17740  -39.239  -12.760  91.090 1.0000000000
17747  -42.155  -10.954  90.016 1.0000000000
17749  -44.766  -11.119  88.727 1.0000000000
17802  -7.039  -30.232  95.060 1.0000000000
17803  -11.444  -32.171  93.990 1.0000000000
17804  -9.505  -32.605  94.056 1.0000000000
17805  -10.740  -33.783  93.506 1.0000000000
17806  -10.031  -35.381  92.992 1.0000000000
17807  -11.974  -34.954  92.924 1.0000000000
17808  -19.252  -30.343  93.320 1.0000000000
17809  -17.300  -30.811  93.549 1.0000000000
17810  -18.554  -31.984  92.913 1.0000000000
17812  -17.140  -35.243  92.001 1.0000000000
19287  -58.405  -7.902  80.786 1.0000000000
19288  -59.890  -6.976  79.778 1.0000000000
19289  -63.916  -8.326  76.455 1.0000000000
19290  -62.470  -9.245  77.537 1.0000000000
19291  -63.712  -10.367  76.376 1.0000000000
19292  -63.479  -12.398  76.268 1.0000000000
19293  -64.928  -11.473  75.185 1.0000000000
19296  -69.344  -6.658  71.743 1.0000000000
19298  -68.932  -10.694  71.652 1.0000000000
19299  -68.681  -12.696  71.566 1.0000000000
19300  -67.272  -13.633  72.723 1.0000000000
23416  -34.190  -26.097  90.277 1.0000000000
23417  -35.788  -25.338  89.873 1.0000000000
23418  -34.617  -24.224  90.636 1.0000000000
23419  -35.008  -22.318  90.974 1.0000000000
23420  -35.370  -20.395  91.285 1.0000000000
23434  -25.114  -24.364  93.679 1.0000000000
23435  -24.459  -26.047  93.399 1.0000000000
23436  -26.350  -25.539  93.024 1.0000000000
23437  -27.578  -26.709  92.337 1.0000000000
23438  -28.800  -27.878  91.616 1.0000000000
23439  -29.984  -29.011  90.881 1.0000000000
23440  -30.625  -27.313  91.193 1.0000000000
23441  -32.421  -26.720  90.746 1.0000000000
23727  -53.407  -14.627  83.269 1.0000000000
23728  -54.693  -15.741  82.225 1.0000000000
23729  -54.943  -13.750  82.415 1.0000000000
23730  -56.472  -12.877  81.517 1.0000000000
23731  -57.990  -12.008  80.579 1.0000000000
24496  -24.593  -17.211  95.389 1.0000000000
24497  -26.146  -16.457  95.108 1.0000000000
24498  -24.938  -15.383  95.611 1.0000000000
24499  -25.244  -13.516  95.813 1.0000000000
24500  -25.525  -11.622  95.986 1.0000000000
24502  -23.514  -5.528  97.039 1.0000000000
24506  -28.131  -0.973  95.957 1.0000000000
24512  -7.415  -21.531  97.373 1.0000000000
24513  -9.344  -21.113  97.298 1.0000000000
24514  -15.306  -15.464  97.604 1.0000000000
24515  -14.627  -17.035  97.447 1.0000000000
24516  -16.550  -16.575  97.218 1.0000000000
24517  -17.793  -17.684  96.802 1.0000000000
24518  -19.029  -18.790  96.358 1.0000000000
24519  -20.249  -19.885  95.888 1.0000000000
24520  -20.918  -18.291  96.062 1.0000000000
24521  -22.773  -17.764  95.738 1.0000000000
25608  -41.917  -22.018  88.080 1.0000000000
25609  -43.066  -23.096  87.246 1.0000000000
25610  -43.396  -21.129  87.580 1.0000000000
25611  -44.851  -20.219  87.061 1.0000000000
25612  -46.292  -19.294  86.515 1.0000000000
25613  -47.720  -18.362  85.940 1.0000000000
25614  -46.573  -17.301  86.785 1.0000000000
25615  -46.841  -15.300  87.016 1.0000000000
25616  -47.096  -13.298  87.207 1.0000000000
25617  -32.174  -13.172  93.762 1.0000000000
25618  -33.439  -14.261  93.158 1.0000000000
25619  -33.704  -12.314  93.340 1.0000000000
25620  -35.231  -11.446  92.886 1.0000000000
25621  -36.746  -10.571  92.401 1.0000000000
25657  -9.684  -28.200  95.452 1.0000000000
25658  -8.979  -29.813  95.029 1.0000000000
25659  -10.917  -29.378  94.962 1.0000000000
25660  -12.152  -30.548  94.441 1.0000000000
25661  -13.391  -31.724  93.884 1.0000000000
25662  -21.750  -32.694  91.968 1.0000000000
25663  -19.806  -33.165  92.238 1.0000000000
25664  -21.047  -34.332  91.533 1.0000000000
25665  -20.333  -35.946  91.074 1.0000000000
26540  -59.640  -20.125  77.705 1.0000000000
26550  -61.362  -6.056  78.727 1.0000000000
26551  -62.810  -5.135  77.643 1.0000000000
26552  -64.092  -6.274  76.504 1.0000000000
26553  -65.346  -7.405  75.333 1.0000000000
28813  -19.689  -12.866  97.195 1.0000000000
28814  -21.249  -12.112  96.963 1.0000000000
28815  -20.012  -11.018  97.356 1.0000000000
28816  -20.300  -9.138  97.490 1.0000000000
28827  -12.143  -14.805  98.150 1.0000000000
28829  -12.825  -13.261  98.284 1.0000000000
28830  -14.066  -14.366  97.958 1.0000000000
28831  -15.966  -13.900  97.734 1.0000000000
28832  -17.845  -13.399  97.478 1.0000000000
29674  -38.766  -30.433  87.012 1.0000000000
29676  -39.230  -28.609  87.422 1.0000000000
29677  -39.658  -26.735  87.820 1.0000000000
29678  -40.061  -24.823  88.198 1.0000000000
29679  -37.364  -24.546  89.450 1.0000000000
29680  -38.913  -23.729  89.010 1.0000000000
29681  -40.429  -22.884  88.554 1.0000000000
29682  -40.772  -20.922  88.881 1.0000000000
29683  -41.090  -18.951  89.177 1.0000000000
29684  -41.394  -16.969  89.435 1.0000000000
29685  -33.161  -5.337  94.190 1.0000000000
29686  -34.439  -6.416  93.663 1.0000000000
29687  -34.657  -4.448  93.697 1.0000000000
29716  -17.442  -26.340  94.879 1.0000000000
29717  -16.750  -27.991  94.530 1.0000000000
29718  -18.688  -27.516  94.306 1.0000000000
29719  -19.938  -28.690  93.698 1.0000000000
29720  -21.191  -29.873  93.051 1.0000000000
29721  -23.795  -27.722  93.087 1.0000000000
29722  -23.120  -29.394  92.744 1.0000000000
29723  -22.439  -31.053  92.370 1.0000000000
29724  -23.677  -32.221  91.658 1.0000000000
29725  -24.901  -33.383  90.915 1.0000000000
29726  -26.104  -34.513  90.152 1.0000000000
29728  -27.964  -33.987  89.794 1.0000000000
29729  -29.806  -33.443  89.405 1.0000000000
29730  -31.633  -32.886  88.982 1.0000000000
29731  -31.153  -30.132  90.119 1.0000000000
29732  -32.307  -31.231  89.336 1.0000000000
29733  -33.446  -32.308  88.530 1.0000000000
30399  -52.268  -22.528  82.222 1.0000000000
30401  -53.824  -21.654  81.450 1.0000000000
30402  -55.374  -20.782  80.634 1.0000000000
30403  -56.912  -19.916  79.777 1.0000000000
30404  -55.965  -16.856  81.140 1.0000000000
30405  -57.216  -17.957  80.024 1.0000000000
30406  -58.440  -19.046  78.879 1.0000000000
30407  -59.955  -18.177  77.942 1.0000000000
30408  -61.447  -17.302  76.973 1.0000000000
30409  -62.920  -16.422  75.969 1.0000000000
32191  -29.425  -21.594  93.101 1.0000000000
32192  -30.991  -20.837  92.765 1.0000000000
32193  -29.776  -19.724  93.404 1.0000000000
32194  -30.101  -17.832  93.680 1.0000000000
32195  -30.396  -15.938  93.926 1.0000000000
32196  -27.672  -15.673  94.808 1.0000000000
32197  -29.177  -14.858  94.488 1.0000000000
32198  -30.678  -14.022  94.140 1.0000000000
32199  -30.946  -12.094  94.319 1.0000000000
32200  -31.201  -10.146  94.465 1.0000000000
32201  -31.452  -8.192  94.571 1.0000000000
32202  -22.785  -11.331  96.708 1.0000000000
32203  -24.290  -10.521  96.433 1.0000000000
32204  -25.779  -9.690  96.133 1.0000000000
32205  -24.773  -6.632  96.656 1.0000000000
32206  -26.023  -7.738  96.244 1.0000000000
32207  -27.263  -8.837  95.805 1.0000000000
32208  -28.741  -7.976  95.448 1.0000000000
32209  -30.221  -7.099  95.060 1.0000000000
32210  -31.693  -6.216  94.641 1.0000000000
32211  -31.919  -4.251  94.674 1.0000000000
32212  -32.130  -2.277  94.670 1.0000000000
32213  -32.309  -0.305  94.636 1.0000000000
32214  -29.590  -0.099  95.522 1.0000000000
32215  -31.028  0.782  95.061 1.0000000000
32227  -10.389  -26.615  95.832 1.0000000000
32228  -12.333  -26.154  95.728 1.0000000000
32229  -14.272  -25.687  95.585 1.0000000000
32230  -8.828  -18.339  97.907 1.0000000000
32231  -10.056  -19.508  97.562 1.0000000000
32232  -11.290  -20.662  97.189 1.0000000000
32233  -13.936  -18.611  97.260 1.0000000000
32234  -13.233  -20.205  97.039 1.0000000000
32235  -12.525  -21.808  96.786 1.0000000000
32236  -13.758  -22.940  96.356 1.0000000000
32237  -14.983  -24.070  95.896 1.0000000000
32238  -16.216  -25.205  95.403 1.0000000000
32239  -18.155  -24.722  95.180 1.0000000000
32240  -20.083  -24.232  94.918 1.0000000000
32241  -21.997  -23.735  94.619 1.0000000000
32242  -21.465  -20.989  95.387 1.0000000000
32243  -22.684  -22.102  94.852 1.0000000000
32244  -23.901  -23.227  94.283 1.0000000000
32245  -25.770  -22.707  93.916 1.0000000000
32246  -27.613  -22.165  93.521 1.0000000000
32847  -54.259  -6.649  83.736 1.0000000000
32848  -55.579  -7.705  82.774 1.0000000000
32849  -55.756  -5.718  82.817 1.0000000000
34539  -44.198  -24.163  86.387 1.0000000000
34543  -49.369  -24.390  83.474 1.0000000000
34544  -50.819  -23.458  82.868 1.0000000000
34545  -51.143  -21.503  83.199 1.0000000000
34546  -51.446  -19.531  83.498 1.0000000000
34547  -51.725  -17.549  83.765 1.0000000000
34548  -49.150  -17.425  85.327 1.0000000000
34549  -50.571  -16.484  84.681 1.0000000000
34550  -51.989  -15.549  83.996 1.0000000000
34551  -52.236  -13.552  84.189 1.0000000000
34552  -52.470  -11.553  84.341 1.0000000000
34553  -52.686  -9.558  84.456 1.0000000000
34554  -32.568  -20.067  92.394 1.0000000000
34555  -34.130  -19.266  92.000 1.0000000000
34556  -35.679  -18.442  91.580 1.0000000000
34557  -34.706  -15.364  92.517 1.0000000000
34558  -35.970  -16.479  91.840 1.0000000000
34559  -37.211  -17.595  91.136 1.0000000000
34560  -38.720  -16.732  90.669 1.0000000000
34561  -40.201  -15.857  90.180 1.0000000000
34562  -41.651  -14.968  89.672 1.0000000000
34563  -35.713  -7.504  93.103 1.0000000000
34568  -39.486  -10.770  91.241 1.0000000000
34569  -40.707  -11.865  90.566 1.0000000000
34570  -41.914  -12.958  89.863 1.0000000000
34571  -43.100  -14.055  89.134 1.0000000000
34572  -44.518  -13.136  88.575 1.0000000000
34573  -45.934  -12.209  87.983 1.0000000000
34574  -47.338  -11.270  87.362 1.0000000000
34576  -47.571  -9.249  87.473 1.0000000000
34577  -48.739  -10.330  86.705 1.0000000000
34578  -50.123  -9.396  86.020 1.0000000000
34579  -51.509  -8.461  85.295 1.0000000000
34580  -52.887  -7.532  84.535 1.0000000000
34581  -53.068  -5.561  84.575 1.0000000000
34637  -4.396  -32.195  94.574 1.0000000000
34638  -5.619  -33.403  94.089 1.0000000000
34639  -8.271  -31.421  94.575 1.0000000000
34640  -7.562  -33.016  94.089 1.0000000000
34641  -6.851  -34.602  93.572 1.0000000000
34642  -8.085  -35.791  93.025 1.0000000000
34645  -16.048  -29.633  94.151 1.0000000000
34646  -15.342  -31.269  93.739 1.0000000000
34647  -14.639  -32.898  93.292 1.0000000000
34648  -17.851  -33.623  92.471 1.0000000000
34649  -15.889  -34.071  92.664 1.0000000000
34650  -13.930  -34.518  92.814 1.0000000000
34651  -13.223  -36.125  92.305 1.0000000000
36447  -56.901  -8.824  81.758 1.0000000000
36448  -58.212  -9.952  80.699 1.0000000000
36449  -59.501  -11.089  79.603 1.0000000000
36450  -61.192  -8.113  78.675 1.0000000000
36451  -60.996  -10.164  78.589 1.0000000000
36452  -60.772  -12.214  78.470 1.0000000000
36453  -62.009  -13.326  77.313 1.0000000000
36454  -63.213  -14.415  76.134 1.0000000000
36455  -64.388  -15.495  74.927 1.0000000000
36457  -66.754  -6.482  74.174 1.0000000000
36458  -66.573  -8.522  74.131 1.0000000000
36459  -69.153  -8.687  71.710 1.0000000000
36460  -67.768  -9.619  72.904 1.0000000000
36461  -66.359  -10.546  74.063 1.0000000000
36462  -66.114  -12.560  73.968 1.0000000000
36463  -65.840  -14.563  73.844 1.0000000000
36464  -65.542  -16.563  73.688 1.0000000000
41170  -31.229  -23.285  92.101 1.0000000000
41171  -32.030  -22.914  91.918 1.0000000000
41172  -31.431  -22.350  92.263 1.0000000000
41180  -29.726  -23.009  92.666 1.0000000000
41181  -29.436  -23.875  92.539 1.0000000000
41182  -30.340  -23.591  92.320 1.0000000000
41183  -30.937  -24.158  91.974 1.0000000000
41343  -53.975  -9.628  83.630 1.0000000000
41344  -54.628  -10.189  83.138 1.0000000000
41345  -54.733  -9.191  83.185 1.0000000000
41770  -21.541  -14.505  96.569 1.0000000000
41771  -22.326  -14.138  96.445 1.0000000000
41772  -21.712  -13.589  96.664 1.0000000000
41780  -20.010  -14.231  96.939 1.0000000000
41781  -19.707  -15.043  96.878 1.0000000000
41782  -20.631  -14.780  96.726 1.0000000000
41783  -21.245  -15.324  96.508 1.0000000000
42388  -42.693  -17.068  88.803 1.0000000000
42389  -43.272  -17.610  88.416 1.0000000000
42390  -43.416  -16.611  88.539 1.0000000000
42391  -44.132  -16.157  88.268 1.0000000000
42392  -43.554  -15.617  88.652 1.0000000000
42393  -32.813  -8.290  94.099 1.0000000000
42394  -33.446  -8.834  93.826 1.0000000000
42395  -33.566  -7.852  93.871 1.0000000000
42415  -14.531  -27.055  95.167 1.0000000000
42416  -14.178  -27.876  94.984 1.0000000000
42417  -15.149  -27.641  94.902 1.0000000000
42906  -63.352  -17.931  75.266 1.0000000000
44183  -16.298  -10.968  98.051 1.0000000000
44785  -35.933  -27.761  89.096 1.0000000000
44786  -36.732  -27.381  88.888 1.0000000000
44787  -36.159  -26.831  89.290 1.0000000000
44788  -36.741  -20.539  90.710 1.0000000000
44789  -37.337  -21.093  90.338 1.0000000000
44790  -37.512  -20.120  90.488 1.0000000000
44791  -38.270  -19.701  90.263 1.0000000000
44792  -37.675  -19.144  90.632 1.0000000000
44793  -33.654  -0.405  94.166 1.0000000000
44794  -34.305  -0.945  93.927 1.0000000000
44795  -34.386  0.049  93.902 1.0000000000
44814  -5.527  -35.573  93.295 1.0000000000
44815  -22.263  -25.122  94.198 1.0000000000
44816  -21.930  -25.955  94.050 1.0000000000
44817  -22.887  -25.711  93.889 1.0000000000
44818  -27.538  -28.984  91.660 1.0000000000
44819  -26.599  -29.237  91.857 1.0000000000
44820  -27.211  -29.825  91.488 1.0000000000
44821  -26.876  -30.657  91.312 1.0000000000
44822  -27.814  -30.403  91.116 1.0000000000
44823  -28.405  -30.966  90.743 1.0000000000
44824  -28.739  -30.133  90.918 1.0000000000
44825  -34.478  -27.529  89.741 1.0000000000
44826  -34.171  -28.396  89.588 1.0000000000
44827  -35.057  -28.081  89.345 1.0000000000
44828  -35.629  -28.631  88.943 1.0000000000
45303  -53.019  -17.609  82.939 1.0000000000
45304  -53.652  -18.162  82.411 1.0000000000
45305  -53.790  -17.176  82.533 1.0000000000
45306  -58.513  -13.569  79.951 1.0000000000
45307  -58.390  -14.562  79.866 1.0000000000
45308  -59.146  -14.126  79.387 1.0000000000
45309  -59.767  -14.684  78.818 1.0000000000
45310  -59.896  -13.689  78.899 1.0000000000
46585  -26.405  -18.825  94.596 1.0000000000
46586  -27.185  -18.453  94.448 1.0000000000
46587  -26.584  -17.911  94.723 1.0000000000
46588  -26.882  -11.748  95.600 1.0000000000
46589  -27.491  -12.289  95.358 1.0000000000
46590  -27.623  -11.326  95.440 1.0000000000
46591  -28.368  -10.906  95.270 1.0000000000
46592  -27.752  -10.364  95.511 1.0000000000
46593  -21.919  -7.348  97.291 1.0000000000
46594  -22.543  -7.900  97.105 1.0000000000
46595  -22.660  -6.932  97.152 1.0000000000
46596  -27.211  -3.368  96.168 1.0000000000
46597  -27.107  -4.355  96.157 1.0000000000
46598  -27.846  -3.918  95.965 1.0000000000
46599  -28.473  -4.469  95.757 1.0000000000
46600  -28.579  -3.480  95.766 1.0000000000
46601  -29.317  -3.045  95.558 1.0000000000
46602  -28.681  -2.502  95.766 1.0000000000
46610  -9.606  -22.490  96.964 1.0000000000
46611  -9.253  -23.295  96.808 1.0000000000
46612  -10.222  -23.072  96.764 1.0000000000
46613  -10.838  -23.646  96.558 1.0000000000
46614  -11.191  -22.840  96.711 1.0000000000
46615  -12.422  -16.133  97.905 1.0000000000
46616  -12.074  -16.916  97.816 1.0000000000
46617  -13.037  -16.699  97.730 1.0000000000
46618  -17.725  -19.822  96.400 1.0000000000
46619  -16.762  -20.061  96.522 1.0000000000
46620  -17.378  -20.620  96.295 1.0000000000
46621  -17.024  -21.417  96.185 1.0000000000
46622  -17.994  -21.180  96.061 1.0000000000
46623  -18.604  -21.735  95.820 1.0000000000
46624  -18.950  -20.936  95.930 1.0000000000
46625  -24.898  -18.569  95.054 1.0000000000
46626  -24.592  -19.388  94.970 1.0000000000
46627  -25.500  -19.113  94.786 1.0000000000
46628  -26.106  -19.655  94.510 1.0000000000
48438  -41.386  -24.943  87.551 1.0000000000
48439  -41.955  -25.477  87.125 1.0000000000
48440  -42.141  -24.513  87.311 1.0000000000
48441  -46.714  -20.824  85.931 1.0000000000
48442  -46.558  -21.815  85.770 1.0000000000
48443  -47.282  -21.350  85.490 1.0000000000
48444  -47.848  -21.872  85.042 1.0000000000
48445  -48.004  -20.881  85.203 1.0000000000
48446  -48.722  -20.412  84.909 1.0000000000
48447  -48.153  -19.888  85.357 1.0000000000
48448  -48.378  -13.360  86.493 1.0000000000
48449  -48.957  -13.890  86.083 1.0000000000
48450  -49.082  -12.890  86.168 1.0000000000
48451  -49.782  -12.420  85.834 1.0000000000
48452  -49.203  -11.892  86.242 1.0000000000
48453  -31.764  -16.063  93.451 1.0000000000
48454  -32.393  -16.616  93.137 1.0000000000
48455  -32.534  -15.653  93.255 1.0000000000
48456  -37.250  -12.104  92.011 1.0000000000
48457  -37.126  -13.092  91.925 1.0000000000
48458  -37.876  -12.655  91.680 1.0000000000
48459  -38.498  -13.201  91.344 1.0000000000
48460  -38.621  -12.215  91.429 1.0000000000
48520  -6.775  -28.834  95.513 1.0000000000
48521  -6.424  -29.633  95.292 1.0000000000
48522  -7.391  -29.431  95.285 1.0000000000
48523  -12.063  -32.756  93.710 1.0000000000
48524  -11.093  -32.976  93.752 1.0000000000
48525  -11.711  -33.567  93.467 1.0000000000
48526  -11.359  -34.371  93.218 1.0000000000
48527  -12.331  -34.150  93.176 1.0000000000
48528  -19.881  -30.930  92.995 1.0000000000
48529  -18.903  -31.163  93.121 1.0000000000
48530  -19.528  -31.753  92.792 1.0000000000
50007  -59.231  -6.415  80.315 1.0000000000
50009  -64.539  -8.885  75.867 1.0000000000
50010  -63.821  -9.348  76.416 1.0000000000
50011  -64.435  -9.909  75.828 1.0000000000
50012  -64.323  -10.925  75.784 1.0000000000
50013  -65.040  -10.461  75.236 1.0000000000
50015  -69.427  -5.638  71.750 1.0000000000
50018  -69.376  -12.225  70.976 1.0000000000
50019  -69.243  -13.225  70.926 1.0000000000
50020  -68.547  -13.695  71.510 1.0000000000
54385  -33.605  -25.539  90.656 1.0000000000
54386  -34.406  -25.163  90.460 1.0000000000
54387  -33.819  -24.604  90.835 1.0000000000
54388  -33.621  -22.152  91.536 1.0000000000
54389  -34.218  -22.715  91.177 1.0000000000
54390  -34.409  -21.761  91.337 1.0000000000
54391  -35.193  -21.357  91.133 1.0000000000
54392  -34.593  -20.803  91.491 1.0000000000
54415  -26.052  -24.105  93.489 1.0000000000
54416  -25.729  -24.953  93.356 1.0000000000
54417  -26.668  -24.690  93.162 1.0000000000
54418  -28.826  -25.592  92.272 1.0000000000
54419  -27.900  -25.861  92.481 1.0000000000
54420  -28.512  -26.447  92.128 1.0000000000
54421  -28.190  -27.296  91.980 1.0000000000
54422  -29.123  -27.029  91.768 1.0000000000
54423  -29.712  -27.599  91.408 1.0000000000
54424  -30.032  -26.748  91.557 1.0000000000
54425  -32.129  -25.288  91.259 1.0000000000
54426  -31.829  -26.158  91.119 1.0000000000
54427  -32.721  -25.854  90.890 1.0000000000
54428  -33.307  -26.414  90.515 1.0000000000
54903  -53.533  -13.629  83.358 1.0000000000
54904  -54.178  -14.185  82.847 1.0000000000
54905  -54.296  -13.187  82.934 1.0000000000
54906  -55.937  -11.312  82.117 1.0000000000
54907  -55.825  -12.311  82.048 1.0000000000
54908  -56.588  -11.879  81.589 1.0000000000
54909  -57.235  -12.440  81.052 1.0000000000
54910  -57.345  -11.440  81.122 1.0000000000
56185  -23.986  -16.673  95.638 1.0000000000
56186  -24.766  -16.299  95.504 1.0000000000
56187  -24.164  -15.761  95.748 1.0000000000
56188  -23.872  -13.373  96.184 1.0000000000
56189  -24.482  -13.914  95.953 1.0000000000
56190  -24.633  -12.974  96.046 1.0000000000
56191  -25.389  -12.575  95.902 1.0000000000
56192  -24.779  -12.027  96.132 1.0000000000
56210  -7.158  -20.131  97.691 1.0000000000
56212  -7.767  -20.731  97.519 1.0000000000
56213  -8.379  -21.326  97.340 1.0000000000
56214  -8.730  -20.525  97.481 1.0000000000
56215  -16.258  -15.228  97.487 1.0000000000
56216  -15.928  -16.017  97.415 1.0000000000
56217  -16.881  -15.785  97.293 1.0000000000
56218  -19.076  -16.647  96.742 1.0000000000
56219  -18.129  -16.890  96.882 1.0000000000
56220  -18.749  -17.443  96.665 1.0000000000
56221  -18.411  -18.237  96.584 1.0000000000
56222  -19.368  -17.994  96.442 1.0000000000
56223  -19.979  -18.540  96.214 1.0000000000
56224  -20.306  -17.746  96.295 1.0000000000
56225  -22.474  -16.413  96.050 1.0000000000
56226  -22.163  -17.224  95.980 1.0000000000
56227  -23.084  -16.953  95.811 1.0000000000
56228  -23.686  -17.491  95.567 1.0000000000
58038  -42.085  -21.033  88.241 1.0000000000
58039  -42.659  -21.574  87.834 1.0000000000
58040  -42.820  -20.586  87.992 1.0000000000
58041  -44.426  -18.689  87.619 1.0000000000
58042  -44.276  -19.684  87.477 1.0000000000
58043  -44.999  -19.224  87.210 1.0000000000
58044  -45.571  -19.758  86.792 1.0000000000
58045  -45.718  -18.762  86.936 1.0000000000
58046  -46.436  -18.301  86.653 1.0000000000
58047  -45.862  -17.764  87.070 1.0000000000
58048  -45.554  -15.233  87.709 1.0000000000
58049  -46.132  -15.764  87.312 1.0000000000
58050  -46.263  -14.766  87.417 1.0000000000
58051  -46.970  -14.296  87.117 1.0000000000
58052  -46.391  -13.767  87.512 1.0000000000
58053  -32.304  -12.199  93.849 1.0000000000
58054  -32.939  -12.744  93.555 1.0000000000
58055  -33.068  -11.769  93.638 1.0000000000
58056  -34.721  -9.918  93.253 1.0000000000
58057  -34.596  -10.901  93.190 1.0000000000
58058  -35.357  -10.463  92.954 1.0000000000
58059  -35.989  -11.010  92.648 1.0000000000
58060  -36.112  -10.025  92.711 1.0000000000
58120  -10.652  -27.976  95.414 1.0000000000
58121  -10.300  -28.786  95.212 1.0000000000
58122  -11.269  -28.563  95.169 1.0000000000
58123  -13.474  -29.512  94.591 1.0000000000
58124  -12.504  -29.737  94.654 1.0000000000
58125  -13.123  -30.325  94.383 1.0000000000
58126  -12.771  -31.139  94.166 1.0000000000
58127  -13.743  -30.911  94.105 1.0000000000
58128  -22.368  -33.281  91.608 1.0000000000
58129  -21.399  -33.517  91.753 1.0000000000
58130  -22.017  -34.096  91.393 1.0000000000
58131  -21.915  -36.285  90.571 1.0000000000
58132  -21.308  -35.716  90.941 1.0000000000
59591  -60.391  -19.687  77.236 1.0000000000
59593  -60.982  -20.228  76.629 1.0000000000
59609  -64.874  -4.782  75.950 1.0000000000
59610  -64.167  -5.246  76.518 1.0000000000
59611  -64.802  -5.812  75.940 1.0000000000
59612  -64.722  -6.839  75.923 1.0000000000
59613  -65.429  -6.380  75.355 1.0000000000
63385  -19.072  -12.323  97.388 1.0000000000
63386  -19.855  -11.949  97.278 1.0000000000
63387  -19.233  -11.401  97.468 1.0000000000
63413  -11.184  -15.011  98.232 1.0000000000
63414  -11.525  -14.243  98.307 1.0000000000
63418  -14.107  -12.260  98.238 1.0000000000
63419  -13.157  -12.491  98.341 1.0000000000
63420  -13.776  -13.041  98.184 1.0000000000
63421  -13.445  -13.814  98.124 1.0000000000
63422  -14.396  -13.585  98.021 1.0000000000
63423  -15.018  -14.134  97.850 1.0000000000
63424  -15.349  -13.353  97.909 1.0000000000
63425  -17.533  -12.049  97.711 1.0000000000
63426  -17.223  -12.852  97.664 1.0000000000
63427  -18.155  -12.594  97.528 1.0000000000
63428  -18.772  -13.137  97.340 1.0000000000
65230  -38.205  -29.915  87.439 1.0000000000
65231  -39.001  -29.525  87.219 1.0000000000
65232  -38.439  -28.998  87.645 1.0000000000
65233  -38.314  -26.597  88.457 1.0000000000
65234  -38.882  -27.136  88.045 1.0000000000
65235  -39.091  -26.192  88.238 1.0000000000
65236  -39.862  -25.785  88.012 1.0000000000
65237  -39.293  -25.239  88.425 1.0000000000
65238  -35.995  -24.387  90.053 1.0000000000
65239  -36.580  -24.949  89.663 1.0000000000
65240  -36.781  -23.991  89.842 1.0000000000
65241  -38.512  -22.205  89.576 1.0000000000
65242  -38.329  -23.177  89.408 1.0000000000
65243  -39.093  -22.758  89.184 1.0000000000
65244  -39.672  -23.309  88.785 1.0000000000
65245  -39.852  -22.334  88.955 1.0000000000
65246  -40.605  -21.904  88.721 1.0000000000
65247  -40.028  -21.354  89.116 1.0000000000
65248  -39.771  -18.839  89.796 1.0000000000
65249  -40.358  -19.388  89.417 1.0000000000
65250  -40.511  -18.403  89.555 1.0000000000
65251  -41.247  -17.958  89.310 1.0000000000
65252  -40.662  -17.411  89.685 1.0000000000
65253  -33.274  -4.356  94.201 1.0000000000
65254  -33.913  -4.890  93.947 1.0000000000
65255  -34.017  -3.908  93.955 1.0000000000
65320  -18.408  -26.103  94.762 1.0000000000
65321  -18.066  -26.929  94.596 1.0000000000
65322  -19.032  -26.687  94.475 1.0000000000
65323  -21.250  -27.621  93.731 1.0000000000
65324  -20.286  -27.861  93.874 1.0000000000
65325  -20.909  -28.453  93.559 1.0000000000
65326  -20.567  -29.279  93.379 1.0000000000
65327  -21.532  -29.042  93.236 1.0000000000
65328  -25.082  -26.636  93.067 1.0000000000
65329  -24.131  -26.886  93.246 1.0000000000
65330  -24.749  -27.475  92.912 1.0000000000
65331  -24.701  -29.740  92.225 1.0000000000
65332  -24.082  -29.149  92.576 1.0000000000
65333  -23.745  -29.984  92.397 1.0000000000
65334  -22.781  -30.222  92.561 1.0000000000
65335  -23.406  -30.812  92.211 1.0000000000
65336  -23.060  -31.638  92.018 1.0000000000
65337  -24.018  -31.402  91.853 1.0000000000
65338  -26.194  -32.316  90.937 1.0000000000
65339  -25.244  -32.562  91.118 1.0000000000
65340  -25.852  -33.132  90.741 1.0000000000
65341  -25.502  -33.949  90.538 1.0000000000
65342  -26.451  -33.701  90.358 1.0000000000
65343  -27.036  -34.250  89.977 1.0000000000
65344  -27.381  -33.441  90.177 1.0000000000
65345  -29.572  -32.080  89.980 1.0000000000
65346  -29.232  -32.901  89.795 1.0000000000
65347  -30.148  -32.626  89.591 1.0000000000
65348  -30.721  -33.166  89.198 1.0000000000
65349  -31.061  -32.347  89.380 1.0000000000
65350  -30.893  -28.730  90.665 1.0000000000
65351  -30.568  -29.576  90.504 1.0000000000
65352  -31.477  -29.289  90.285 1.0000000000
65353  -33.537  -30.099  89.271 1.0000000000
65354  -32.638  -30.393  89.504 1.0000000000
65355  -33.213  -30.939  89.105 1.0000000000
65356  -32.880  -31.772  88.935 1.0000000000
65357  -33.779  -31.477  88.702 1.0000000000
65358  -34.348  -32.011  88.292 1.0000000000
65359  -34.675  -31.179  88.462 1.0000000000
65360  -36.769  -29.710  88.121 1.0000000000
65362  -37.333  -30.240  87.703 1.0000000000
66783  -52.428  -21.553  82.382 1.0000000000
66784  -53.046  -22.092  81.842 1.0000000000
66785  -53.207  -21.114  81.995 1.0000000000
66786  -54.906  -19.262  81.328 1.0000000000
66787  -54.759  -20.243  81.189 1.0000000000
66788  -55.528  -19.809  80.773 1.0000000000
66789  -56.146  -20.347  80.210 1.0000000000
66790  -56.298  -19.370  80.345 1.0000000000
66791  -55.460  -15.307  81.791 1.0000000000
66792  -55.331  -16.300  81.687 1.0000000000
66793  -56.098  -15.867  81.248 1.0000000000
66794  -58.120  -16.537  79.678 1.0000000000
66795  -57.358  -16.974  80.137 1.0000000000
66796  -57.979  -17.525  79.569 1.0000000000
66797  -57.832  -18.505  79.454 1.0000000000
66798  -58.595  -18.069  78.994 1.0000000000
66799  -59.201  -18.609  78.416 1.0000000000
66800  -59.351  -17.632  78.528 1.0000000000
66801  -60.993  -15.783  77.658 1.0000000000
66802  -60.850  -16.762  77.564 1.0000000000
66803  -61.592  -16.324  77.071 1.0000000000
66804  -62.185  -16.862  76.476 1.0000000000
66805  -62.330  -15.885  76.568 1.0000000000
70630  -28.819  -21.035  93.418 1.0000000000
70631  -29.604  -20.658  93.257 1.0000000000
70632  -28.998  -20.102  93.568 1.0000000000
70633  -28.729  -17.686  94.137 1.0000000000
70634  -29.334  -18.228  93.847 1.0000000000
70635  -29.488  -17.289  93.976 1.0000000000
70636  -30.250  -16.886  93.807 1.0000000000
70637  -29.643  -16.343  94.097 1.0000000000
70638  -26.305  -15.530  95.220 1.0000000000
70639  -26.912  -16.067  94.961 1.0000000000
70640  -27.066  -15.136  95.070 1.0000000000
70641  -28.709  -13.366  94.853 1.0000000000
70642  -28.569  -14.320  94.756 1.0000000000
70643  -29.319  -13.904  94.589 1.0000000000
70644  -29.930  -14.442  94.317 1.0000000000
70645  -30.065  -13.483  94.416 1.0000000000
70646  -30.809  -13.061  94.235 1.0000000000
70647  -30.201  -12.523  94.504 1.0000000000
70648  -29.848  -10.042  94.912 1.0000000000
70649  -30.462  -10.582  94.658 1.0000000000
70650  -30.586  -9.606  94.722 1.0000000000
70651  -31.328  -9.173  94.522 1.0000000000
70652  -30.714  -8.632  94.774 1.0000000000
70653  -21.395  -11.177  97.043 1.0000000000
70654  -22.021  -11.728  96.838 1.0000000000
70655  -22.158  -10.784  96.916 1.0000000000
70656  -23.793  -9.005  96.710 1.0000000000
70657  -23.670  -9.969  96.646 1.0000000000
70658  -24.418  -9.558  96.501 1.0000000000
70659  -25.038  -10.110  96.286 1.0000000000
70660  -25.160  -9.138  96.351 1.0000000000
70661  -24.251  -5.098  96.881 1.0000000000
70662  -24.147  -6.079  96.850 1.0000000000
70663  -24.885  -5.650  96.689 1.0000000000
70664  -26.880  -6.323  96.112 1.0000000000
70665  -26.141  -6.755  96.286 1.0000000000
70666  -26.763  -7.308  96.075 1.0000000000
70667  -26.644  -8.286  96.028 1.0000000000
70668  -27.383  -7.860  95.856 1.0000000000
70669  -28.002  -8.405  95.631 1.0000000000
70670  -28.122  -7.426  95.677 1.0000000000
70671  -29.720  -5.563  95.319 1.0000000000
70672  -29.601  -6.552  95.293 1.0000000000
70673  -30.336  -6.111  95.091 1.0000000000
70674  -30.958  -6.659  94.854 1.0000000000
70675  -31.076  -5.670  94.880 1.0000000000
70676  -31.809  -5.231  94.661 1.0000000000
70677  -31.187  -4.690  94.897 1.0000000000
70678  -30.775  -2.171  95.122 1.0000000000
70679  -31.403  -2.717  94.902 1.0000000000
70680  -31.501  -1.731  94.893 1.0000000000
70681  -32.220  -1.289  94.659 1.0000000000
70682  -31.589  -0.749  94.877 1.0000000000
70683  -28.212  0.006  95.938 1.0000000000
70684  -28.864  -0.537  95.742 1.0000000000
70685  -28.939  0.443  95.720 1.0000000000
70687  -30.382  1.324  95.264 1.0000000000
70689  -31.746  1.227  94.819 1.0000000000
70714  -9.772  -26.043  96.053 1.0000000000
70715  -12.069  -24.788  96.124 1.0000000000
70716  -11.716  -25.589  95.958 1.0000000000
70717  -12.686  -25.353  95.897 1.0000000000
70718  -13.302  -25.923  95.661 1.0000000000
70719  -13.655  -25.117  95.826 1.0000000000
70721  -8.218  -17.744  98.069 1.0000000000
70722  -9.176  -17.544  98.020 1.0000000000
70723  -11.377  -18.491  97.615 1.0000000000
70724  -10.406  -18.714  97.681 1.0000000000
70725  -11.023  -19.287  97.501 1.0000000000
70726  -10.673  -20.089  97.378 1.0000000000
70727  -11.641  -19.860  97.314 1.0000000000
70728  -15.249  -17.593  97.252 1.0000000000
70729  -14.285  -17.824  97.356 1.0000000000
70730  -14.906  -18.384  97.159 1.0000000000
70731  -14.825  -20.538  96.739 1.0000000000
70732  -14.207  -19.970  96.950 1.0000000000
70733  -13.851  -20.770  96.833 1.0000000000
70734  -12.878  -21.002  96.918 1.0000000000
70735  -13.500  -21.569  96.708 1.0000000000
70736  -13.142  -22.372  96.575 1.0000000000
70737  -14.111  -22.136  96.493 1.0000000000
70738  -16.316  -23.025  95.935 1.0000000000
70739  -15.343  -23.269  96.037 1.0000000000
70740  -15.958  -23.831  95.799 1.0000000000
70741  -15.600  -24.640  95.653 1.0000000000
70742  -16.574  -24.396  95.552 1.0000000000
70743  -17.185  -24.965  95.296 1.0000000000
70744  -17.543  -24.156  95.440 1.0000000000
70745  -19.824  -22.857  95.313 1.0000000000
70746  -19.471  -23.666  95.188 1.0000000000
70747  -20.430  -23.420  95.048 1.0000000000
70748  -21.041  -23.986  94.773 1.0000000000
70749  -21.391  -23.168  94.898 1.0000000000
70750  -21.197  -19.635  95.735 1.0000000000
70751  -20.857  -20.439  95.641 1.0000000000
70752  -21.805  -20.182  95.484 1.0000000000
70753  -23.953  -21.025  94.785 1.0000000000
70754  -23.017  -21.286  94.958 1.0000000000
70755  -23.626  -21.845  94.682 1.0000000000
70756  -23.290  -22.666  94.572 1.0000000000
70757  -24.231  -22.408  94.397 1.0000000000
70758  -24.836  -22.969  94.104 1.0000000000
70759  -25.165  -22.141  94.215 1.0000000000
70760  -27.313  -20.762  93.931 1.0000000000
70761  -27.009  -21.604  93.828 1.0000000000
70762  -27.918  -21.323  93.627 1.0000000000
70763  -28.522  -21.882  93.315 1.0000000000
72183  -54.347  -5.663  83.752 1.0000000000
72184  -55.007  -6.183  83.283 1.0000000000
72185  -55.092  -5.198  83.294 1.0000000000
76188  -40.569  -28.731  86.768 1.0000000000
76196  -43.801  -22.652  86.996 1.0000000000
76197  -43.633  -23.633  86.819 1.0000000000
76198  -44.370  -23.184  86.567 1.0000000000
76199  -46.230  -23.782  85.424 1.0000000000
76200  -45.499  -24.239  85.687 1.0000000000
76206  -48.977  -22.907  84.122 1.0000000000
76207  -48.809  -23.886  83.947 1.0000000000
76208  -49.538  -23.415  83.652 1.0000000000
76209  -50.095  -23.924  83.175 1.0000000000
76210  -50.262  -22.947  83.350 1.0000000000
76211  -50.984  -22.481  83.037 1.0000000000
76212  -50.423  -21.971  83.516 1.0000000000
76213  -50.156  -19.476  84.291 1.0000000000
76214  -50.730  -20.000  83.824 1.0000000000
76215  -50.871  -19.007  83.970 1.0000000000
76216  -51.587  -18.539  83.637 1.0000000000
76217  -51.015  -18.012  84.101 1.0000000000
76218  -47.858  -17.362  86.071 1.0000000000
76219  -48.435  -17.896  85.638 1.0000000000
76220  -48.571  -16.895  85.764 1.0000000000
76221  -50.117  -14.954  85.233 1.0000000000
76222  -49.990  -15.954  85.126 1.0000000000
76223  -50.699  -15.484  84.793 1.0000000000
76224  -51.280  -16.016  84.344 1.0000000000
76225  -51.408  -15.017  84.450 1.0000000000
76226  -52.116  -14.551  84.096 1.0000000000
76227  -51.531  -14.017  84.546 1.0000000000
76228  -51.183  -11.487  85.137 1.0000000000
76229  -51.770  -12.019  84.708 1.0000000000
76230  -51.881  -11.020  84.776 1.0000000000
76231  -52.580  -10.555  84.403 1.0000000000
76232  -51.990  -10.023  84.833 1.0000000000
76233  -31.159  -19.889  92.917 1.0000000000
76234  -31.781  -20.455  92.583 1.0000000000
76235  -31.944  -19.500  92.732 1.0000000000
76236  -33.655  -17.733  92.482 1.0000000000
76237  -33.504  -18.701  92.346 1.0000000000
76238  -34.282  -18.295  92.141 1.0000000000
76239  -34.908  -18.854  91.793 1.0000000000
76240  -35.054  -17.879  91.932 1.0000000000
76241  -34.211  -13.834  92.942 1.0000000000
76242  -34.076  -14.811  92.841 1.0000000000
76243  -34.843  -14.385  92.623 1.0000000000
76244  -36.866  -15.063  91.728 1.0000000000
76245  -36.107  -15.493  91.958 1.0000000000
76246  -36.734  -16.051  91.613 1.0000000000
76247  -36.589  -17.038  91.493 1.0000000000
76248  -37.352  -16.610  91.263 1.0000000000
76249  -37.966  -17.166  90.906 1.0000000000
76250  -38.109  -16.178  91.028 1.0000000000
76251  -39.723  -14.307  90.650 1.0000000000
76252  -39.597  -15.299  90.543 1.0000000000
76253  -40.327  -14.858  90.294 1.0000000000
76254  -40.928  -15.414  89.929 1.0000000000
76255  -41.058  -14.413  90.036 1.0000000000
76256  -35.188  -5.969  93.414 1.0000000000
76257  -35.075  -6.960  93.388 1.0000000000
76272  -40.101  -11.317  90.906 1.0000000000
76273  -40.827  -10.864  90.638 1.0000000000
76274  -42.757  -11.494  89.664 1.0000000000
76275  -42.034  -11.952  89.946 1.0000000000
76276  -42.632  -12.501  89.589 1.0000000000
76277  -42.506  -13.504  89.504 1.0000000000
76278  -43.226  -13.044  89.227 1.0000000000
76279  -43.810  -13.594  88.859 1.0000000000
76280  -43.936  -12.588  88.945 1.0000000000
76281  -45.472  -10.652  88.424 1.0000000000
76282  -45.350  -11.663  88.359 1.0000000000
76283  -46.054  -11.195  88.055 1.0000000000
76284  -46.637  -11.740  87.677 1.0000000000
76285  -46.755  -10.726  87.743 1.0000000000
76292  -48.154  -9.791  87.094 1.0000000000
76293  -48.848  -9.321  86.758 1.0000000000
76294  -49.433  -9.865  86.366 1.0000000000
76295  -49.541  -8.852  86.414 1.0000000000
76296  -51.020  -6.909  85.728 1.0000000000
76297  -50.922  -7.917  85.699 1.0000000000
76298  -51.606  -7.451  85.331 1.0000000000
76299  -52.196  -7.996  84.922 1.0000000000
76300  -52.295  -6.987  84.950 1.0000000000
76301  -52.980  -6.544  84.559 1.0000000000
76302  -52.386  -6.002  84.968 1.0000000000
76304  -52.556  -4.045  84.980 1.0000000000
76438  -5.714  -31.220  94.829 1.0000000000
76439  -4.748  -31.409  94.821 1.0000000000
76440  -5.362  -32.014  94.585 1.0000000000
76441  -5.009  -32.802  94.334 1.0000000000
76442  -5.977  -32.614  94.343 1.0000000000
76443  -9.596  -30.402  94.782 1.0000000000
76444  -8.623  -30.618  94.806 1.0000000000
76445  -9.240  -31.208  94.555 1.0000000000
76446  -9.148  -33.406  93.810 1.0000000000
76447  -8.530  -32.812  94.078 1.0000000000
76448  -8.179  -33.610  93.827 1.0000000000
76449  -7.209  -33.809  93.835 1.0000000000
76450  -7.826  -34.406  93.568 1.0000000000
76451  -7.468  -35.200  93.302 1.0000000000
76452  -8.443  -35.001  93.293 1.0000000000
76453  -10.649  -35.968  92.698 1.0000000000
76454  -9.673  -36.178  92.723 1.0000000000
76458  -17.371  -28.577  94.242 1.0000000000
76459  -16.399  -28.811  94.345 1.0000000000
76460  -17.021  -29.398  94.053 1.0000000000
76461  -16.949  -31.629  93.340 1.0000000000
76462  -16.320  -31.039  93.649 1.0000000000
76463  -15.970  -31.857  93.435 1.0000000000
76464  -14.990  -32.083  93.520 1.0000000000
76465  -15.618  -32.672  93.213 1.0000000000
76466  -19.454  -33.981  92.015 1.0000000000
76467  -18.826  -33.393  92.360 1.0000000000
76468  -18.474  -34.209  92.133 1.0000000000
76469  -16.158  -35.464  92.093 1.0000000000
76470  -16.518  -34.659  92.336 1.0000000000
76471  -15.536  -34.882  92.422 1.0000000000
76472  -14.909  -34.294  92.745 1.0000000000
76473  -14.556  -35.105  92.497 1.0000000000
76474  -13.577  -35.322  92.563 1.0000000000
76475  -14.202  -35.908  92.244 1.0000000000
80846  -54.273  -23.159  80.735 1.0000000000
80891  -56.333  -7.240  82.305 1.0000000000
80892  -56.240  -8.260  82.273 1.0000000000
80893  -56.994  -7.801  81.797 1.0000000000
80894  -59.058  -8.464  80.253 1.0000000000
80895  -58.309  -8.926  80.749 1.0000000000
80896  -58.961  -9.495  80.209 1.0000000000
80897  -58.857  -10.521  80.157 1.0000000000
80898  -59.610  -10.058  79.658 1.0000000000
80899  -62.012  -6.624  78.171 1.0000000000
80900  -61.278  -7.081  78.707 1.0000000000
80901  -61.926  -7.651  78.145 1.0000000000
80902  -62.367  -10.268  77.492 1.0000000000
80903  -61.733  -9.707  78.069 1.0000000000
80904  -61.629  -10.730  78.017 1.0000000000
80905  -60.885  -11.193  78.535 1.0000000000
80906  -61.517  -11.751  77.959 1.0000000000
80907  -61.395  -12.769  77.895 1.0000000000
80908  -62.133  -12.311  77.382 1.0000000000
80909  -64.079  -12.948  75.672 1.0000000000
80910  -63.350  -13.408  76.204 1.0000000000
80911  -63.945  -13.955  75.606 1.0000000000
80912  -63.803  -14.959  75.534 1.0000000000
80913  -64.532  -14.493  75.004 1.0000000000
80917  -68.062  -6.572  72.968 1.0000000000
80918  -67.453  -6.016  73.580 1.0000000000
80919  -67.365  -7.039  73.569 1.0000000000
80920  -66.669  -7.504  74.154 1.0000000000
80921  -67.275  -8.057  73.547 1.0000000000
80923  -69.837  -8.216  71.101 1.0000000000
80924  -69.731  -9.222  71.081 1.0000000000
80925  -68.235  -11.164  72.245 1.0000000000
80926  -68.353  -10.162  72.282 1.0000000000
80927  -67.655  -10.625  72.869 1.0000000000
80928  -67.066  -10.086  73.487 1.0000000000
80929  -66.950  -11.092  73.448 1.0000000000
80930  -66.242  -11.554  74.017 1.0000000000
80931  -66.825  -12.097  73.403 1.0000000000
80932  -67.133  -14.632  72.657 1.0000000000
80933  -66.558  -14.098  73.289 1.0000000000
80934  -66.416  -15.098  73.219 1.0000000000
80935  -65.696  -15.563  73.769 1.0000000000
80936  -66.269  -16.099  73.139 1.0000000000
80937  -66.108  -17.097  73.057 1.0000000000
80938  -66.831  -16.632  72.505 1.0000000000
92536  -32.423  -24.412  91.394 1.0000000000
92537  -33.225  -24.040  91.204 1.0000000000
92538  -32.628  -23.479  91.565 1.0000000000
92539  -32.833  -22.537  91.728 1.0000000000
92540  -33.020  -21.590  91.889 1.0000000000
92554  -27.903  -23.571  93.090 1.0000000000
92555  -27.594  -24.426  92.962 1.0000000000
92556  -28.520  -24.153  92.754 1.0000000000
92557  -29.134  -24.738  92.408 1.0000000000
92558  -29.745  -25.317  92.056 1.0000000000
92559  -30.341  -25.887  91.702 1.0000000000
92560  -30.645  -25.027  91.840 1.0000000000
92561  -31.534  -24.725  91.620 1.0000000000
92847  -53.762  -11.625  83.514 1.0000000000
92848  -54.413  -12.187  83.010 1.0000000000
92849  -54.522  -11.188  83.080 1.0000000000
92850  -55.285  -10.752  82.632 1.0000000000
92851  -56.042  -10.312  82.176 1.0000000000
93616  -22.772  -15.595  96.116 1.0000000000
93617  -23.555  -15.222  95.987 1.0000000000
93618  -22.944  -14.681  96.219 1.0000000000
93619  -23.103  -13.757  96.317 1.0000000000
93620  -23.260  -12.829  96.408 1.0000000000
93632  -6.553  -19.522  97.857 1.0000000000
93633  -7.509  -19.336  97.825 1.0000000000
93634  -18.152  -14.746  97.227 1.0000000000
93635  -17.833  -15.544  97.162 1.0000000000
93636  -18.774  -15.297  97.023 1.0000000000
93637  -19.394  -15.847  96.813 1.0000000000
93638  -20.015  -16.397  96.595 1.0000000000
93639  -20.628  -16.946  96.371 1.0000000000
93640  -20.941  -16.136  96.442 1.0000000000
93641  -21.863  -15.872  96.281 1.0000000000
94728  -42.397  -19.055  88.540 1.0000000000
94729  -42.976  -19.595  88.142 1.0000000000
94730  -43.124  -18.603  88.285 1.0000000000
94731  -43.850  -18.148  88.022 1.0000000000
94732  -44.571  -17.688  87.753 1.0000000000
94733  -45.284  -17.231  87.478 1.0000000000
94734  -44.709  -16.691  87.878 1.0000000000
94735  -44.842  -15.694  87.994 1.0000000000
94736  -44.979  -14.696  88.096 1.0000000000
94737  -32.564  -10.247  93.993 1.0000000000
94738  -33.197  -10.791  93.710 1.0000000000
94739  -33.324  -9.816  93.772 1.0000000000
94740  -34.086  -9.379  93.542 1.0000000000
94741  -34.841  -8.940  93.307 1.0000000000
94777  -12.591  -27.525  95.309 1.0000000000
94778  -12.238  -28.337  95.117 1.0000000000
94779  -13.208  -28.110  95.055 1.0000000000
94780  -13.826  -28.692  94.792 1.0000000000
94781  -14.445  -29.280  94.520 1.0000000000
94782  -23.595  -34.434  90.871 1.0000000000
94783  -22.631  -34.672  91.026 1.0000000000
94784  -23.241  -35.244  90.652 1.0000000000
94785  -22.880  -36.049  90.426 1.0000000000
95673  -65.575  -4.323  75.374 1.0000000000
97936  -17.836  -11.231  97.753 1.0000000000
97937  -18.618  -10.860  97.650 1.0000000000
97938  -17.997  -10.316  97.825 1.0000000000
97958  -15.053  -12.022  98.127 1.0000000000
97959  -15.668  -12.561  97.963 1.0000000000
97960  -15.987  -11.769  98.010 1.0000000000
97961  -16.913  -11.505  97.886 1.0000000000
99043  -37.078  -28.848  88.278 1.0000000000
99044  -37.874  -28.466  88.064 1.0000000000
99045  -37.308  -27.923  88.478 1.0000000000
99046  -37.526  -26.995  88.674 1.0000000000
99047  -37.739  -26.049  88.866 1.0000000000
99048  -36.381  -22.474  90.395 1.0000000000
99049  -36.974  -23.030  90.014 1.0000000000
99050  -37.159  -22.063  90.180 1.0000000000
99051  -37.928  -21.651  89.959 1.0000000000
99052  -38.691  -21.230  89.734 1.0000000000
99053  -39.443  -20.803  89.507 1.0000000000
99054  -38.860  -20.252  89.888 1.0000000000
99055  -39.026  -19.272  90.031 1.0000000000
99056  -39.183  -18.286  90.168 1.0000000000
99057  -33.476  -2.380  94.200 1.0000000000
99058  -34.118  -2.920  93.955 1.0000000000
99059  -34.214  -1.931  93.945 1.0000000000
99097  -20.344  -25.615  94.499 1.0000000000
99098  -20.001  -26.445  94.343 1.0000000000
99099  -20.964  -26.203  94.201 1.0000000000
99100  -21.589  -26.787  93.895 1.0000000000
99101  -22.212  -27.380  93.579 1.0000000000
99102  -26.313  -27.813  92.380 1.0000000000
99103  -25.370  -28.063  92.568 1.0000000000
99104  -25.986  -28.654  92.215 1.0000000000
99105  -25.651  -29.491  92.045 1.0000000000
99106  -25.316  -30.324  91.867 1.0000000000
99107  -24.978  -31.158  91.680 1.0000000000
99108  -25.929  -30.911  91.500 1.0000000000
99109  -26.533  -31.485  91.130 1.0000000000
99110  -27.140  -32.061  90.749 1.0000000000
99111  -27.728  -32.622  90.371 1.0000000000
99112  -28.068  -31.799  90.559 1.0000000000
99113  -28.987  -31.528  90.364 1.0000000000
99114  -29.909  -31.254  90.159 1.0000000000
99115  -32.695  -28.143  90.216 1.0000000000
99116  -32.380  -28.996  90.060 1.0000000000
99117  -33.281  -28.699  89.826 1.0000000000
99118  -33.859  -29.251  89.431 1.0000000000
99119  -34.430  -29.798  89.032 1.0000000000
99120  -35.002  -30.335  88.626 1.0000000000
99121  -35.319  -29.488  88.786 1.0000000000
99122  -36.203  -29.170  88.535 1.0000000000
99975  -52.733  -19.590  82.677 1.0000000000
99976  -53.360  -20.136  82.141 1.0000000000
99977  -53.508  -19.150  82.281 1.0000000000
99978  -54.281  -18.712  81.874 1.0000000000
99979  -55.054  -18.277  81.456 1.0000000000
99980  -56.994  -14.438  80.890 1.0000000000
99981  -56.864  -15.430  80.798 1.0000000000
99982  -57.626  -14.998  80.339 1.0000000000
99983  -58.257  -15.552  79.777 1.0000000000
99984  -58.882  -16.106  79.205 1.0000000000
99985  -59.494  -16.653  78.633 1.0000000000
99986  -59.634  -15.670  78.729 1.0000000000
99987  -60.386  -15.233  78.240 1.0000000000
99988  -61.129  -14.796  77.745 1.0000000000
102283  -27.610  -19.921  94.026 1.0000000000
102284  -28.393  -19.549  93.871 1.0000000000
102285  -27.790  -18.997  94.164 1.0000000000
102286  -27.961  -18.071  94.295 1.0000000000
102287  -28.121  -17.143  94.421 1.0000000000
102288  -26.606  -13.655  95.423 1.0000000000
102289  -27.214  -14.194  95.173 1.0000000000
102290  -27.357  -13.244  95.269 1.0000000000
102291  -28.100  -12.828  95.109 1.0000000000
102292  -28.847  -12.406  94.942 1.0000000000
102293  -29.589  -11.985  94.767 1.0000000000
102294  -28.978  -11.445  95.023 1.0000000000
102295  -29.107  -10.476  95.095 1.0000000000
102296  -29.231  -9.501  95.159 1.0000000000
102297  -21.669  -9.276  97.182 1.0000000000
102298  -22.295  -9.827  96.986 1.0000000000
102299  -22.422  -8.869  97.049 1.0000000000
102300  -23.172  -8.452  96.910 1.0000000000
102301  -23.913  -8.037  96.766 1.0000000000
102302  -25.733  -4.239  96.539 1.0000000000
102303  -25.624  -5.218  96.520 1.0000000000
102304  -26.369  -4.790  96.342 1.0000000000
102305  -26.995  -5.342  96.139 1.0000000000
102306  -27.619  -5.889  95.930 1.0000000000
102307  -28.241  -6.440  95.713 1.0000000000
102308  -28.359  -5.457  95.739 1.0000000000
102309  -29.098  -5.019  95.541 1.0000000000
102310  -29.831  -4.579  95.337 1.0000000000
102311  -30.568  -4.142  95.123 1.0000000000
102312  -29.944  -3.594  95.344 1.0000000000
102313  -30.046  -2.609  95.344 1.0000000000
102314  -30.144  -1.629  95.334 1.0000000000
102316  -29.003  1.422  95.691 1.0000000000
102328  -7.668  -22.924  97.034 1.0000000000
102330  -8.280  -23.510  96.844 1.0000000000
102331  -8.899  -24.095  96.645 1.0000000000
102332  -9.515  -24.671  96.441 1.0000000000
102333  -10.130  -25.245  96.229 1.0000000000
102334  -10.484  -24.446  96.398 1.0000000000
102335  -11.453  -24.217  96.345 1.0000000000
102336  -12.424  -23.982  96.283 1.0000000000
102337  -10.488  -16.553  98.061 1.0000000000
102338  -10.142  -17.340  97.962 1.0000000000
102339  -11.105  -17.130  97.894 1.0000000000
102340  -11.724  -17.704  97.720 1.0000000000
102341  -12.344  -18.270  97.539 1.0000000000
102342  -16.495  -18.708  96.840 1.0000000000
102343  -15.526  -18.943  96.954 1.0000000000
102344  -16.145  -19.503  96.742 1.0000000000
102345  -15.792  -20.300  96.636 1.0000000000
102346  -15.442  -21.101  96.521 1.0000000000
102347  -15.085  -21.900  96.399 1.0000000000
102348  -16.058  -21.659  96.297 1.0000000000
102349  -16.673  -22.223  96.063 1.0000000000
102350  -17.283  -22.782  95.824 1.0000000000
102351  -17.894  -23.348  95.576 1.0000000000
102352  -18.250  -22.537  95.703 1.0000000000
102353  -19.214  -22.292  95.571 1.0000000000
102354  -20.169  -22.046  95.431 1.0000000000
102355  -23.064  -19.113  95.408 1.0000000000
102356  -22.742  -19.922  95.320 1.0000000000
102357  -23.671  -19.658  95.149 1.0000000000
102358  -24.279  -20.207  94.880 1.0000000000
102359  -24.881  -20.760  94.604 1.0000000000
102360  -25.485  -21.318  94.319 1.0000000000
102361  -25.802  -20.485  94.417 1.0000000000
102362  -26.710  -20.210  94.224 1.0000000000
103215  -54.507  -3.700  83.757 1.0000000000
103216  -55.168  -4.217  83.299 1.0000000000
105618  -40.992  -26.855  87.169 1.0000000000
105619  -41.557  -27.382  86.736 1.0000000000
105620  -41.759  -26.434  86.933 1.0000000000
105622  -43.272  -25.575  86.449 1.0000000000
105623  -45.263  -21.748  86.477 1.0000000000
105624  -45.104  -22.735  86.306 1.0000000000
105625  -45.834  -22.276  86.041 1.0000000000
105626  -46.398  -22.801  85.600 1.0000000000
105627  -46.962  -23.321  85.151 1.0000000000
105628  -47.522  -23.838  84.696 1.0000000000
105629  -47.690  -22.858  84.871 1.0000000000
105630  -48.416  -22.391  84.585 1.0000000000
105631  -49.137  -21.923  84.291 1.0000000000
105632  -49.860  -21.454  83.986 1.0000000000
105633  -49.294  -20.934  84.450 1.0000000000
105634  -49.441  -19.946  84.603 1.0000000000
105635  -49.587  -18.951  84.747 1.0000000000
105636  -48.124  -15.360  86.303 1.0000000000
105637  -48.705  -15.894  85.879 1.0000000000
105638  -48.833  -14.894  85.985 1.0000000000
105639  -49.540  -14.423  85.661 1.0000000000
105640  -50.244  -13.954  85.328 1.0000000000
105641  -50.947  -13.485  84.986 1.0000000000
105642  -50.363  -12.954  85.415 1.0000000000
105643  -50.483  -11.955  85.490 1.0000000000
105644  -50.596  -10.953  85.557 1.0000000000
105645  -31.471  -17.982  93.200 1.0000000000
105646  -32.098  -18.544  92.875 1.0000000000
105647  -32.250  -17.583  93.009 1.0000000000
105648  -33.027  -17.172  92.814 1.0000000000
105649  -33.799  -16.764  92.610 1.0000000000
105650  -35.737  -12.977  92.490 1.0000000000
105651  -35.609  -13.960  92.397 1.0000000000
105652  -36.370  -13.527  92.164 1.0000000000
105653  -36.999  -14.080  91.830 1.0000000000
105654  -37.624  -14.629  91.490 1.0000000000
105655  -38.239  -15.185  91.144 1.0000000000
105656  -38.372  -14.193  91.248 1.0000000000
105657  -39.114  -13.753  91.000 1.0000000000
105658  -39.848  -13.312  90.747 1.0000000000
105669  -41.553  -10.408  90.360 1.0000000000
105672  -43.471  -11.038  89.378 1.0000000000
105673  -44.056  -11.578  89.022 1.0000000000
105674  -44.180  -10.574  89.086 1.0000000000
105686  -51.797  -5.462  85.366 1.0000000000
105769  -6.072  -30.430  95.064 1.0000000000
105770  -6.682  -31.031  94.828 1.0000000000
105771  -10.826  -31.581  94.263 1.0000000000
105772  -9.857  -31.799  94.296 1.0000000000
105773  -10.474  -32.389  94.028 1.0000000000
105774  -10.122  -33.193  93.786 1.0000000000
105775  -9.765  -33.994  93.536 1.0000000000
105776  -9.413  -34.793  93.278 1.0000000000
105777  -10.383  -34.586  93.252 1.0000000000
105778  -11.002  -35.168  92.963 1.0000000000
105779  -11.621  -35.755  92.664 1.0000000000
105780  -18.628  -29.751  93.637 1.0000000000
105781  -17.650  -29.987  93.751 1.0000000000
105782  -18.278  -30.576  93.440 1.0000000000
105783  -17.928  -31.396  93.236 1.0000000000
105784  -17.574  -32.216  93.023 1.0000000000
105785  -18.742  -35.599  91.550 1.0000000000
105786  -18.121  -35.016  91.900 1.0000000000
105789  -15.804  -36.268  91.841 1.0000000000
108440  -57.827  -6.317  81.340 1.0000000000
108441  -57.741  -7.337  81.315 1.0000000000
108442  -58.491  -6.873  80.818 1.0000000000
108443  -59.147  -7.439  80.289 1.0000000000
108444  -59.804  -8.006  79.746 1.0000000000
108445  -63.288  -7.758  77.035 1.0000000000
108446  -62.566  -8.220  77.575 1.0000000000
108447  -63.198  -8.783  76.999 1.0000000000
108448  -63.097  -9.811  76.958 1.0000000000
108449  -62.985  -10.831  76.913 1.0000000000
108450  -62.869  -11.848  76.857 1.0000000000
108451  -63.599  -11.384  76.325 1.0000000000
108452  -64.205  -11.938  75.731 1.0000000000
108453  -64.802  -12.482  75.133 1.0000000000
108457  -68.747  -6.108  72.364 1.0000000000
108458  -68.660  -7.127  72.353 1.0000000000
108459  -70.187  -10.754  70.414 1.0000000000
108460  -69.619  -10.228  71.054 1.0000000000
108461  -69.502  -11.226  71.017 1.0000000000
108462  -68.808  -11.698  71.614 1.0000000000
108463  -68.111  -12.164  72.200 1.0000000000
108464  -67.409  -12.634  72.777 1.0000000000
108465  -67.980  -13.162  72.149 1.0000000000
108466  -67.843  -14.160  72.089 1.0000000000
108467  -67.702  -15.163  72.018 1.0000000000
108468  -67.548  -16.163  71.945 1.0000000000
116074  -34.779  -26.655  89.888 1.0000000000
116075  -35.580  -26.277  89.686 1.0000000000
116076  -34.996  -25.721  90.076 1.0000000000
116077  -35.203  -24.781  90.258 1.0000000000
116078  -35.409  -23.831  90.434 1.0000000000
116079  -34.022  -23.660  91.009 1.0000000000
116080  -34.816  -23.273  90.809 1.0000000000
116081  -35.603  -22.879  90.603 1.0000000000
116082  -35.792  -21.919  90.766 1.0000000000
116083  -35.970  -20.954  90.924 1.0000000000
116084  -36.147  -19.986  91.071 1.0000000000
116085  -33.807  1.577  94.099 1.0000000000
116116  -24.168  -24.618  93.861 1.0000000000
116117  -23.841  -25.460  93.720 1.0000000000
116118  -24.790  -25.208  93.541 1.0000000000
116119  -25.407  -25.794  93.216 1.0000000000
116120  -26.027  -26.381  92.880 1.0000000000
116121  -27.282  -25.275  92.827 1.0000000000
116122  -26.964  -26.126  92.684 1.0000000000
116123  -26.642  -26.970  92.535 1.0000000000
116124  -27.256  -27.554  92.184 1.0000000000
116125  -27.869  -28.142  91.823 1.0000000000
116126  -28.478  -28.722  91.455 1.0000000000
116127  -29.070  -29.292  91.087 1.0000000000
116128  -29.393  -28.448  91.251 1.0000000000
116129  -30.305  -28.164  91.040 1.0000000000
116130  -31.210  -27.879  90.822 1.0000000000
116131  -30.934  -26.455  91.341 1.0000000000
116132  -31.523  -27.019  90.974 1.0000000000
116133  -32.113  -27.585  90.597 1.0000000000
116134  -33.005  -27.280  90.369 1.0000000000
116135  -33.896  -26.972  90.131 1.0000000000
116799  -53.285  -15.624  83.166 1.0000000000
116800  -53.922  -16.178  82.648 1.0000000000
116801  -54.051  -15.182  82.752 1.0000000000
116802  -54.822  -14.747  82.323 1.0000000000
116803  -55.588  -14.312  81.885 1.0000000000
116804  -55.061  -12.751  82.496 1.0000000000
116805  -55.709  -13.315  81.970 1.0000000000
116806  -56.353  -13.875  81.436 1.0000000000
116807  -57.115  -13.442  80.976 1.0000000000
116808  -57.876  -13.005  80.506 1.0000000000
116809  -58.635  -12.569  80.025 1.0000000000
118594  -25.197  -17.748  95.132 1.0000000000
118595  -25.978  -17.372  94.991 1.0000000000
118596  -25.372  -16.835  95.251 1.0000000000
118597  -25.539  -15.920  95.364 1.0000000000
118598  -25.699  -14.992  95.472 1.0000000000
118599  -24.328  -14.844  95.853 1.0000000000
118600  -25.091  -14.454  95.716 1.0000000000
118601  -25.851  -14.061  95.572 1.0000000000
118602  -25.998  -13.116  95.666 1.0000000000
118603  -26.134  -12.164  95.755 1.0000000000
118604  -26.271  -11.206  95.834 1.0000000000
118605  -22.140  -5.412  97.368 1.0000000000
118606  -22.771  -5.955  97.191 1.0000000000
118607  -22.876  -4.984  97.220 1.0000000000
118608  -23.619  -4.553  97.064 1.0000000000
118609  -24.356  -4.122  96.901 1.0000000000
118613  -25.837  -3.255  96.550 1.0000000000
118614  -26.576  -2.824  96.363 1.0000000000
118615  -27.313  -2.388  96.168 1.0000000000
118616  -28.045  -1.954  95.967 1.0000000000
118617  -27.400  -1.408  96.163 1.0000000000
118633  -8.026  -22.125  97.191 1.0000000000
118634  -8.991  -21.910  97.155 1.0000000000
118635  -9.959  -21.691  97.110 1.0000000000
118636  -14.348  -15.694  97.713 1.0000000000
118637  -14.006  -16.473  97.634 1.0000000000
118638  -14.971  -16.249  97.529 1.0000000000
118639  -15.594  -16.805  97.337 1.0000000000
118640  -16.215  -17.365  97.137 1.0000000000
118641  -17.508  -16.338  97.090 1.0000000000
118642  -17.172  -17.129  97.014 1.0000000000
118643  -16.835  -17.920  96.930 1.0000000000
118644  -17.455  -18.476  96.716 1.0000000000
118645  -18.073  -19.031  96.494 1.0000000000
118646  -18.689  -19.586  96.266 1.0000000000
118647  -19.299  -20.135  96.032 1.0000000000
118648  -19.639  -19.337  96.127 1.0000000000
118649  -20.588  -19.090  95.978 1.0000000000
118650  -21.526  -18.833  95.822 1.0000000000
118651  -21.239  -17.488  96.141 1.0000000000
118652  -21.849  -18.030  95.904 1.0000000000
118653  -22.457  -18.571  95.660 1.0000000000
118654  -23.379  -18.303  95.490 1.0000000000
118655  -24.293  -18.029  95.314 1.0000000000
121188  -41.749  -22.995  87.910 1.0000000000
121189  -42.320  -23.539  87.492 1.0000000000
121190  -42.493  -22.558  87.667 1.0000000000
121191  -43.231  -22.117  87.418 1.0000000000
121192  -43.968  -21.666  87.163 1.0000000000
121193  -43.549  -20.140  87.737 1.0000000000
121194  -44.125  -20.676  87.324 1.0000000000
121195  -44.696  -21.210  86.904 1.0000000000
121196  -45.420  -20.757  86.638 1.0000000000
121197  -46.144  -20.295  86.364 1.0000000000
121198  -46.865  -19.829  86.084 1.0000000000
121199  -47.582  -19.361  85.797 1.0000000000
121200  -47.005  -18.831  86.231 1.0000000000
121201  -47.150  -17.832  86.365 1.0000000000
121202  -47.287  -16.832  86.491 1.0000000000
121203  -46.000  -16.764  87.195 1.0000000000
121204  -46.711  -16.300  86.904 1.0000000000
121205  -47.418  -15.831  86.608 1.0000000000
121206  -47.546  -14.830  86.715 1.0000000000
121207  -47.675  -13.831  86.809 1.0000000000
121208  -47.799  -12.828  86.895 1.0000000000
121209  -32.038  -14.136  93.668 1.0000000000
121210  -32.672  -14.684  93.364 1.0000000000
121211  -32.809  -13.713  93.464 1.0000000000
121212  -33.573  -13.290  93.253 1.0000000000
121213  -34.340  -12.861  93.034 1.0000000000
121214  -33.833  -11.336  93.417 1.0000000000
121215  -34.469  -11.881  93.117 1.0000000000
121216  -35.105  -12.428  92.807 1.0000000000
121217  -35.864  -11.994  92.574 1.0000000000
121218  -36.622  -11.556  92.332 1.0000000000
121219  -37.373  -11.117  92.085 1.0000000000
121303  -8.715  -28.418  95.480 1.0000000000
121304  -8.363  -29.224  95.268 1.0000000000
121305  -9.331  -29.007  95.245 1.0000000000
121306  -9.948  -29.599  95.000 1.0000000000
121307  -10.565  -30.187  94.748 1.0000000000
121308  -11.887  -29.150  94.916 1.0000000000
121309  -11.534  -29.966  94.705 1.0000000000
121310  -11.183  -30.776  94.487 1.0000000000
121311  -11.801  -31.361  94.219 1.0000000000
121312  -12.419  -31.950  93.941 1.0000000000
121313  -13.034  -32.536  93.656 1.0000000000
121314  -21.128  -32.111  92.317 1.0000000000
121315  -20.157  -32.342  92.454 1.0000000000
121316  -20.779  -32.930  92.108 1.0000000000
121317  -20.428  -33.747  91.890 1.0000000000
121318  -20.075  -34.561  91.666 1.0000000000
121319  -21.663  -34.908  91.171 1.0000000000
121320  -20.693  -35.142  91.306 1.0000000000
121321  -19.720  -35.370  91.433 1.0000000000
121322  -19.359  -36.177  91.195 1.0000000000
123385  -61.437  -5.031  78.742 1.0000000000
123386  -62.090  -5.598  78.189 1.0000000000
123387  -62.733  -6.162  77.631 1.0000000000
123388  -63.525  -4.676  77.089 1.0000000000
123389  -63.453  -5.704  77.079 1.0000000000
123390  -63.375  -6.732  77.060 1.0000000000
123391  -64.008  -7.301  76.483 1.0000000000
123392  -64.633  -7.863  75.899 1.0000000000
123393  -65.249  -8.427  75.310 1.0000000000
128671  -20.310  -13.410  96.993 1.0000000000
128672  -21.092  -13.044  96.876 1.0000000000
128673  -20.476  -12.494  97.081 1.0000000000
128674  -20.629  -11.567  97.163 1.0000000000
128675  -20.779  -10.631  97.238 1.0000000000
128676  -19.392  -10.475  97.541 1.0000000000
128677  -20.157  -10.082  97.427 1.0000000000
128678  -20.917  -9.682  97.307 1.0000000000
128679  -21.052  -8.730  97.368 1.0000000000
128680  -21.176  -7.768  97.423 1.0000000000
128706  -9.873  -15.984  98.219 1.0000000000
128707  -10.837  -15.782  98.150 1.0000000000
128708  -11.802  -15.576  98.072 1.0000000000
128709  -12.762  -15.358  97.986 1.0000000000
128713  -12.540  -11.937  98.490 1.0000000000
128714  -12.208  -12.706  98.435 1.0000000000
128715  -11.868  -13.472  98.375 1.0000000000
128716  -12.485  -14.031  98.220 1.0000000000
128717  -13.105  -14.586  98.059 1.0000000000
128718  -13.726  -15.140  97.890 1.0000000000
128719  -14.683  -14.912  97.786 1.0000000000
128720  -15.640  -14.683  97.672 1.0000000000
128721  -16.588  -14.444  97.551 1.0000000000
128722  -16.290  -13.107  97.790 1.0000000000
128723  -16.911  -13.653  97.609 1.0000000000
128724  -17.529  -14.197  97.423 1.0000000000
128725  -18.468  -13.943  97.286 1.0000000000
128726  -19.393  -13.686  97.142 1.0000000000
131010  -39.555  -30.048  86.790 1.0000000000
131011  -39.786  -29.135  86.995 1.0000000000
131012  -40.010  -28.206  87.199 1.0000000000
131013  -38.666  -28.071  87.846 1.0000000000
131014  -39.447  -27.676  87.624 1.0000000000
131015  -40.222  -27.269  87.399 1.0000000000
131016  -40.428  -26.322  87.594 1.0000000000
131017  -40.627  -25.367  87.783 1.0000000000
131018  -40.821  -24.400  87.968 1.0000000000
131019  -36.375  -25.893  89.479 1.0000000000
131020  -37.160  -25.502  89.268 1.0000000000
131021  -37.945  -25.100  89.051 1.0000000000
131022  -37.558  -23.585  89.628 1.0000000000
131023  -38.139  -24.138  89.234 1.0000000000
131024  -38.719  -24.690  88.833 1.0000000000
131025  -39.486  -24.280  88.608 1.0000000000
131026  -40.247  -23.859  88.379 1.0000000000
131027  -41.004  -23.427  88.147 1.0000000000
131028  -41.175  -22.453  88.320 1.0000000000
131029  -41.349  -21.471  88.483 1.0000000000
131030  -41.511  -20.485  88.641 1.0000000000
131031  -40.194  -20.372  89.272 1.0000000000
131032  -40.935  -19.937  89.033 1.0000000000
131033  -41.672  -19.498  88.788 1.0000000000
131034  -41.823  -18.509  88.929 1.0000000000
131035  -41.971  -17.514  89.060 1.0000000000
131036  -42.116  -16.523  89.181 1.0000000000
131037  -33.051  -6.323  94.168 1.0000000000
131038  -33.684  -6.862  93.906 1.0000000000
131039  -33.800  -5.877  93.931 1.0000000000
131040  -34.553  -5.430  93.684 1.0000000000
131041  -35.298  -4.987  93.430 1.0000000000
131042  -34.760  -3.460  93.701 1.0000000000
131122  -16.472  -26.583  94.984 1.0000000000
131123  -16.124  -27.406  94.810 1.0000000000
131124  -17.096  -27.165  94.709 1.0000000000
131125  -17.722  -27.752  94.423 1.0000000000
131126  -18.344  -28.339  94.130 1.0000000000
131127  -19.659  -27.276  94.178 1.0000000000
131128  -19.315  -28.100  94.007 1.0000000000
131129  -18.972  -28.928  93.825 1.0000000000
131130  -19.596  -29.516  93.514 1.0000000000
131131  -20.224  -30.108  93.191 1.0000000000
131132  -20.848  -30.697  92.861 1.0000000000
131133  -23.506  -26.297  93.573 1.0000000000
131134  -23.175  -27.134  93.417 1.0000000000
131135  -22.838  -27.969  93.253 1.0000000000
131136  -24.418  -28.312  92.748 1.0000000000
131137  -23.459  -28.559  92.920 1.0000000000
131138  -22.499  -28.804  93.081 1.0000000000
131139  -22.159  -29.631  92.903 1.0000000000
131140  -21.819  -30.463  92.714 1.0000000000
131141  -21.477  -31.287  92.519 1.0000000000
131142  -22.099  -31.873  92.173 1.0000000000
131143  -22.716  -32.460  91.817 1.0000000000
131144  -23.334  -33.042  91.454 1.0000000000
131145  -24.632  -31.983  91.490 1.0000000000
131146  -24.290  -32.806  91.289 1.0000000000
131147  -23.941  -33.620  91.085 1.0000000000
131148  -24.550  -34.193  90.709 1.0000000000
131155  -28.309  -33.173  89.990 1.0000000000
131156  -28.884  -33.717  89.604 1.0000000000
131159  -31.290  -33.700  88.799 1.0000000000
131161  -29.656  -29.855  90.715 1.0000000000
131162  -30.242  -30.417  90.334 1.0000000000
131163  -30.822  -30.970  89.949 1.0000000000
131164  -32.061  -29.843  89.897 1.0000000000
131165  -31.732  -30.685  89.730 1.0000000000
131166  -31.399  -31.519  89.558 1.0000000000
131167  -31.973  -32.062  89.161 1.0000000000
131168  -32.543  -32.598  88.760 1.0000000000
131169  -33.107  -33.125  88.355 1.0000000000
131173  -35.567  -30.872  88.215 1.0000000000
132975  -52.104  -23.498  82.055 1.0000000000
132976  -52.714  -24.028  81.510 1.0000000000
132977  -52.882  -23.063  81.680 1.0000000000
132978  -53.662  -22.625  81.293 1.0000000000
132979  -54.439  -22.192  80.894 1.0000000000
132980  -53.980  -20.675  81.601 1.0000000000
132981  -54.599  -21.217  81.048 1.0000000000
132983  -55.985  -21.323  80.069 1.0000000000
132984  -56.754  -20.890  79.641 1.0000000000
132986  -54.562  -16.735  82.115 1.0000000000
132987  -55.197  -17.290  81.574 1.0000000000
132988  -55.823  -17.843  81.027 1.0000000000
132989  -56.730  -16.419  80.697 1.0000000000
132990  -56.593  -17.406  80.587 1.0000000000
132991  -56.448  -18.394  80.469 1.0000000000
132992  -57.067  -18.938  79.904 1.0000000000
132993  -57.679  -19.478  79.333 1.0000000000
132994  -58.285  -20.021  78.753 1.0000000000
132995  -59.044  -19.584  78.296 1.0000000000
132996  -59.798  -19.151  77.830 1.0000000000
132997  -60.551  -18.715  77.352 1.0000000000
132998  -60.100  -17.200  78.052 1.0000000000
132999  -60.704  -17.740  77.462 1.0000000000
133000  -61.297  -18.276  76.868 1.0000000000
133001  -62.036  -17.838  76.376 1.0000000000
133002  -62.771  -17.398  75.876 1.0000000000
133003  -63.505  -16.956  75.363 1.0000000000
137845  -30.024  -22.156  92.777 1.0000000000
137846  -30.811  -21.782  92.608 1.0000000000
137847  -30.211  -21.222  92.935 1.0000000000
137848  -30.384  -20.279  93.089 1.0000000000
137849  -30.551  -19.333  93.236 1.0000000000
137850  -29.170  -19.166  93.711 1.0000000000
137851  -29.942  -18.777  93.546 1.0000000000
137852  -30.710  -18.385  93.375 1.0000000000
137853  -30.860  -17.429  93.509 1.0000000000
137854  -31.006  -16.477  93.633 1.0000000000
137855  -31.148  -15.523  93.749 1.0000000000
137856  -26.751  -16.994  94.845 1.0000000000
137857  -27.519  -16.604  94.694 1.0000000000
137858  -28.280  -16.206  94.539 1.0000000000
137859  -27.822  -14.732  94.915 1.0000000000
137860  -28.429  -15.269  94.650 1.0000000000
137861  -29.033  -15.807  94.378 1.0000000000
137862  -29.789  -15.397  94.210 1.0000000000
137863  -30.538  -14.982  94.037 1.0000000000
137864  -31.287  -14.561  93.857 1.0000000000
137865  -31.425  -13.596  93.955 1.0000000000
137866  -31.556  -12.632  94.046 1.0000000000
137867  -31.686  -11.660  94.128 1.0000000000
137868  -30.332  -11.554  94.586 1.0000000000
137869  -31.076  -11.121  94.396 1.0000000000
137870  -31.817  -10.686  94.199 1.0000000000
137871  -31.946  -9.708  94.261 1.0000000000
137872  -32.069  -8.733  94.315 1.0000000000
137873  -32.195  -7.751  94.358 1.0000000000
137874  -21.870  -12.663  96.754 1.0000000000
137875  -22.640  -12.278  96.626 1.0000000000
137876  -23.404  -11.882  96.494 1.0000000000
137877  -22.917  -10.379  96.784 1.0000000000
137878  -23.536  -10.931  96.574 1.0000000000
137879  -24.161  -11.483  96.356 1.0000000000
137880  -24.907  -11.072  96.213 1.0000000000
137881  -25.656  -10.657  96.064 1.0000000000
137882  -26.396  -10.241  95.908 1.0000000000
137883  -23.404  -6.507  97.005 1.0000000000
137884  -24.034  -7.059  96.812 1.0000000000
137885  -24.657  -7.612  96.613 1.0000000000
137886  -25.512  -6.202  96.492 1.0000000000
137887  -25.397  -7.185  96.454 1.0000000000
137888  -25.280  -8.166  96.407 1.0000000000
137889  -25.905  -8.714  96.192 1.0000000000
137890  -26.523  -9.265  95.972 1.0000000000
137891  -27.140  -9.815  95.745 1.0000000000
137892  -27.880  -9.386  95.575 1.0000000000
137893  -28.619  -8.954  95.398 1.0000000000
137894  -29.359  -8.524  95.212 1.0000000000
137895  -28.862  -6.990  95.489 1.0000000000
137896  -29.481  -7.539  95.258 1.0000000000
137897  -30.095  -8.086  95.021 1.0000000000
137898  -30.836  -7.647  94.819 1.0000000000
137899  -31.573  -7.205  94.611 1.0000000000
137900  -32.315  -6.762  94.393 1.0000000000
137901  -32.428  -5.777  94.419 1.0000000000
137902  -32.543  -4.797  94.435 1.0000000000
137903  -32.650  -3.810  94.443 1.0000000000
137904  -31.300  -3.704  94.903 1.0000000000
137905  -32.028  -3.264  94.676 1.0000000000
137906  -32.750  -2.823  94.443 1.0000000000
137907  -32.848  -1.835  94.433 1.0000000000
137908  -32.940  -0.850  94.415 1.0000000000
137909  -33.021  0.140  94.390 1.0000000000
137910  -28.776  -1.519  95.758 1.0000000000
137911  -29.505  -1.083  95.542 1.0000000000
137912  -30.230  -0.644  95.319 1.0000000000
137913  -29.663  0.882  95.495 1.0000000000
137914  -30.309  0.340  95.296 1.0000000000
137915  -30.953  -0.204  95.089 1.0000000000
137916  -31.674  0.239  94.851 1.0000000000
137917  -32.386  0.684  94.608 1.0000000000
137918  -33.095  1.131  94.358 1.0000000000
137948  -10.035  -27.410  95.645 1.0000000000
137949  -11.004  -27.185  95.603 1.0000000000
137950  -10.746  -25.817  96.010 1.0000000000
137951  -11.358  -26.388  95.785 1.0000000000
137952  -11.975  -26.954  95.551 1.0000000000
137953  -12.944  -26.725  95.489 1.0000000000
137954  -13.914  -26.489  95.419 1.0000000000
137955  -14.884  -26.253  95.338 1.0000000000
137957  -7.864  -18.534  97.952 1.0000000000
137958  -8.474  -19.133  97.786 1.0000000000
137959  -9.790  -18.132  97.854 1.0000000000
137960  -9.441  -18.922  97.738 1.0000000000
137961  -9.086  -19.725  97.613 1.0000000000
137962  -9.701  -20.306  97.435 1.0000000000
137963  -10.317  -20.889  97.248 1.0000000000
137964  -10.933  -21.463  97.056 1.0000000000
137965  -13.664  -17.259  97.547 1.0000000000
137966  -13.315  -18.048  97.452 1.0000000000
137967  -12.968  -18.841  97.349 1.0000000000
137968  -14.555  -19.177  97.059 1.0000000000
137969  -13.588  -19.406  97.153 1.0000000000
137970  -12.615  -19.633  97.239 1.0000000000
137971  -12.260  -20.434  97.119 1.0000000000
137972  -11.908  -21.234  96.991 1.0000000000
137973  -11.550  -22.040  96.855 1.0000000000
137974  -12.167  -22.611  96.647 1.0000000000
137975  -12.783  -23.177  96.434 1.0000000000
137976  -13.399  -23.745  96.211 1.0000000000
137977  -14.727  -22.703  96.269 1.0000000000
137978  -14.373  -23.507  96.129 1.0000000000
137979  -14.014  -24.314  95.981 1.0000000000
137980  -14.630  -24.879  95.744 1.0000000000
137981  -15.241  -25.448  95.499 1.0000000000
137982  -15.858  -26.015  95.245 1.0000000000
137983  -16.829  -25.772  95.145 1.0000000000
137984  -17.799  -25.533  95.033 1.0000000000
137985  -18.763  -25.290  94.912 1.0000000000
137986  -18.505  -23.911  95.319 1.0000000000
137987  -19.117  -24.477  95.055 1.0000000000
137988  -19.730  -25.044  94.781 1.0000000000
137989  -20.690  -24.800  94.641 1.0000000000
137990  -21.654  -24.550  94.490 1.0000000000
137991  -22.609  -24.304  94.330 1.0000000000
137992  -19.908  -20.686  95.790 1.0000000000
137993  -20.518  -21.239  95.540 1.0000000000
137994  -21.127  -21.798  95.281 1.0000000000
137995  -22.409  -20.733  95.226 1.0000000000
137996  -22.075  -21.544  95.124 1.0000000000
137997  -21.732  -22.357  95.015 1.0000000000
137998  -22.343  -22.920  94.739 1.0000000000
137999  -22.954  -23.481  94.455 1.0000000000
138000  -23.560  -24.051  94.162 1.0000000000
138001  -24.506  -23.796  93.985 1.0000000000
138002  -25.446  -23.538  93.800 1.0000000000
138003  -26.376  -23.271  93.610 1.0000000000
138004  -26.093  -21.875  94.025 1.0000000000
138005  -26.698  -22.441  93.721 1.0000000000
138006  -27.303  -23.005  93.410 1.0000000000
138007  -28.218  -22.728  93.205 1.0000000000
138008  -29.128  -22.446  92.993 1.0000000000
139743  -54.170  -7.639  83.709 1.0000000000
139744  -54.832  -8.165  83.228 1.0000000000
139745  -54.920  -7.172  83.261 1.0000000000
139746  -55.672  -6.707  82.799 1.0000000000
139747  -56.419  -6.248  82.328 1.0000000000
139748  -55.833  -4.734  82.826 1.0000000000
139749  -56.499  -5.259  82.342 1.0000000000
139750  -57.165  -5.783  81.845 1.0000000000
144645  -42.889  -24.073  87.069 1.0000000000
144646  -43.456  -24.609  86.637 1.0000000000
144647  -44.018  -25.136  86.201 1.0000000000
144648  -44.934  -23.717  86.131 1.0000000000
144649  -44.759  -24.688  85.948 1.0000000000
144650  -44.579  -25.658  85.758 1.0000000000
144657  -48.083  -24.350  84.232 1.0000000000
144662  -51.376  -23.962  82.379 1.0000000000
144663  -51.546  -22.993  82.549 1.0000000000
144664  -51.708  -22.019  82.713 1.0000000000
144665  -51.864  -21.037  82.871 1.0000000000
144666  -50.577  -20.985  83.676 1.0000000000
144667  -51.297  -20.521  83.351 1.0000000000
144668  -52.016  -20.054  83.019 1.0000000000
144669  -52.161  -19.066  83.161 1.0000000000
144670  -52.304  -18.073  83.293 1.0000000000
144671  -52.440  -17.083  83.416 1.0000000000
144672  -48.297  -18.895  85.501 1.0000000000
144673  -49.013  -18.424  85.196 1.0000000000
144674  -49.725  -17.953  84.883 1.0000000000
144675  -49.280  -16.424  85.450 1.0000000000
144676  -49.860  -16.954  85.009 1.0000000000
144677  -50.436  -17.483  84.561 1.0000000000
144678  -51.151  -17.014  84.227 1.0000000000
144679  -51.860  -16.552  83.884 1.0000000000
144680  -52.570  -16.087  83.532 1.0000000000
144681  -52.698  -15.089  83.637 1.0000000000
144682  -52.824  -14.091  83.732 1.0000000000
144683  -52.944  -13.092  83.819 1.0000000000
144684  -51.652  -13.018  84.632 1.0000000000
144685  -52.354  -12.552  84.270 1.0000000000
144686  -53.056  -12.088  83.899 1.0000000000
144687  -53.171  -11.089  83.963 1.0000000000
144688  -53.279  -10.091  84.021 1.0000000000
144689  -53.380  -9.095  84.071 1.0000000000
144690  -31.611  -21.407  92.425 1.0000000000
144691  -32.404  -21.025  92.238 1.0000000000
144692  -33.192  -20.630  92.047 1.0000000000
144693  -32.728  -19.106  92.541 1.0000000000
144694  -33.353  -19.666  92.200 1.0000000000
144695  -33.972  -20.234  91.850 1.0000000000
144696  -34.753  -19.832  91.646 1.0000000000
144697  -35.527  -19.420  91.437 1.0000000000
144698  -36.297  -19.002  91.222 1.0000000000
144699  -33.306  -15.234  93.052 1.0000000000
144700  -33.938  -15.787  92.731 1.0000000000
144701  -34.569  -16.344  92.401 1.0000000000
144702  -35.474  -14.938  92.295 1.0000000000
144703  -35.340  -15.920  92.183 1.0000000000
144704  -35.201  -16.902  92.061 1.0000000000
144705  -35.824  -17.458  91.716 1.0000000000
144706  -36.447  -18.021  91.361 1.0000000000
144707  -37.064  -18.585  90.999 1.0000000000
144708  -37.825  -18.158  90.772 1.0000000000
144709  -38.576  -17.727  90.541 1.0000000000
144710  -39.327  -17.293  90.301 1.0000000000
144711  -38.854  -15.742  90.788 1.0000000000
144712  -39.463  -16.296  90.427 1.0000000000
144713  -40.066  -16.856  90.059 1.0000000000
144714  -40.796  -16.415  89.812 1.0000000000
144715  -41.527  -15.966  89.558 1.0000000000
144716  -42.247  -15.518  89.299 1.0000000000
144717  -34.324  -7.407  93.632 1.0000000000
144718  -34.959  -7.951  93.352 1.0000000000
144719  -35.599  -8.495  93.062 1.0000000000
144721  -36.349  -8.048  92.811 1.0000000000
144722  -36.234  -9.040  92.765 1.0000000000
144723  -36.862  -9.579  92.463 1.0000000000
144724  -37.494  -10.125  92.150 1.0000000000
144734  -38.748  -11.219  91.503 1.0000000000
144735  -39.364  -11.767  91.170 1.0000000000
144736  -39.975  -12.311  90.832 1.0000000000
144737  -40.585  -12.861  90.485 1.0000000000
144738  -41.434  -11.410  90.294 1.0000000000
144739  -41.309  -12.408  90.220 1.0000000000
144740  -41.186  -13.412  90.132 1.0000000000
144741  -41.786  -13.960  89.772 1.0000000000
144742  -42.378  -14.513  89.406 1.0000000000
144743  -42.971  -15.062  89.032 1.0000000000
144744  -43.683  -14.608  88.761 1.0000000000
144745  -44.398  -14.145  88.480 1.0000000000
144746  -45.105  -13.685  88.194 1.0000000000
144747  -44.645  -12.124  88.656 1.0000000000
144748  -45.227  -12.671  88.284 1.0000000000
144749  -45.808  -13.219  87.903 1.0000000000
144750  -46.518  -12.750  87.599 1.0000000000
144751  -47.218  -12.286  87.290 1.0000000000
144752  -47.921  -11.816  86.971 1.0000000000
144759  -47.454  -10.256  87.424 1.0000000000
144760  -48.038  -10.800  87.038 1.0000000000
144761  -48.622  -11.345  86.644 1.0000000000
144762  -49.319  -10.875  86.310 1.0000000000
144763  -50.016  -10.405  85.966 1.0000000000
144764  -50.708  -9.942  85.615 1.0000000000
144765  -50.231  -8.384  86.061 1.0000000000
144766  -50.818  -8.928  85.661 1.0000000000
144767  -51.400  -9.474  85.254 1.0000000000
144768  -52.094  -9.008  84.883 1.0000000000
144769  -52.789  -8.544  84.500 1.0000000000
144770  -53.479  -8.080  84.111 1.0000000000
144771  -53.575  -7.090  84.140 1.0000000000
144772  -53.664  -6.103  84.160 1.0000000000
144773  -53.745  -5.121  84.174 1.0000000000
144774  -52.475  -5.021  84.977 1.0000000000
144775  -53.150  -4.581  84.582 1.0000000000
144776  -53.829  -4.138  84.174 1.0000000000
144937  -4.137  -30.801  95.048 1.0000000000
144941  -4.652  -33.583  94.077 1.0000000000
144942  -5.266  -34.191  93.826 1.0000000000
144943  -8.006  -30.027  95.049 1.0000000000
144944  -7.655  -30.825  94.822 1.0000000000
144945  -7.298  -31.625  94.586 1.0000000000
144946  -8.888  -32.013  94.319 1.0000000000
144947  -7.914  -32.218  94.337 1.0000000000
144948  -6.945  -32.419  94.344 1.0000000000
144949  -6.593  -33.212  94.093 1.0000000000
144950  -6.235  -34.003  93.835 1.0000000000
144951  -5.881  -34.793  93.567 1.0000000000
144952  -6.498  -35.389  93.303 1.0000000000
144953  -7.113  -35.985  93.029 1.0000000000
144954  -7.730  -36.578  92.749 1.0000000000
144955  -9.055  -35.590  93.013 1.0000000000
144956  -8.701  -36.380  92.740 1.0000000000
144961  -15.774  -28.226  94.628 1.0000000000
144962  -15.422  -29.048  94.437 1.0000000000
144963  -15.071  -29.865  94.239 1.0000000000
144964  -16.671  -30.222  93.855 1.0000000000
144965  -15.698  -30.452  93.948 1.0000000000
144966  -14.720  -30.681  94.032 1.0000000000
144967  -14.368  -31.496  93.817 1.0000000000
144968  -14.012  -32.310  93.594 1.0000000000
144969  -13.661  -33.124  93.361 1.0000000000
144970  -19.178  -32.578  92.579 1.0000000000
144971  -18.203  -32.807  92.695 1.0000000000
144972  -17.223  -33.032  92.802 1.0000000000
144973  -17.498  -34.432  92.240 1.0000000000
144974  -16.870  -33.846  92.573 1.0000000000
144975  -16.242  -33.262  92.897 1.0000000000
144976  -15.267  -33.487  92.981 1.0000000000
144977  -14.287  -33.711  93.056 1.0000000000
144978  -13.309  -33.931  93.121 1.0000000000
144979  -12.951  -34.736  92.875 1.0000000000
144980  -12.599  -35.540  92.619 1.0000000000
144981  -12.245  -36.339  92.355 1.0000000000
150309  -55.488  -8.725  82.734 1.0000000000
150310  -56.143  -9.288  82.230 1.0000000000
150311  -56.801  -9.848  81.711 1.0000000000
150312  -57.652  -8.360  81.279 1.0000000000
150313  -57.556  -9.390  81.235 1.0000000000
150314  -57.452  -10.415  81.184 1.0000000000
150315  -58.105  -10.983  80.642 1.0000000000
150316  -58.748  -11.546  80.096 1.0000000000
150317  -59.388  -12.112  79.538 1.0000000000
150318  -60.629  -6.518  79.257 1.0000000000
150319  -60.544  -7.544  79.231 1.0000000000
150320  -60.455  -8.570  79.195 1.0000000000
150321  -61.833  -8.677  78.112 1.0000000000
150322  -61.098  -9.140  78.635 1.0000000000
150323  -60.357  -9.602  79.151 1.0000000000
150324  -60.251  -10.627  79.100 1.0000000000
150325  -60.141  -11.650  79.040 1.0000000000
150326  -60.023  -12.671  78.973 1.0000000000
150327  -60.649  -13.232  78.401 1.0000000000
150328  -61.264  -13.784  77.825 1.0000000000
150329  -61.872  -14.337  77.242 1.0000000000
150330  -62.746  -12.862  76.796 1.0000000000
150331  -62.614  -13.872  76.727 1.0000000000
150332  -62.477  -14.881  76.650 1.0000000000
150333  -63.071  -15.420  76.054 1.0000000000
150334  -63.657  -15.957  75.453 1.0000000000
150335  -64.235  -16.495  74.845 1.0000000000
150338  -66.208  -4.888  74.783 1.0000000000
150340  -66.833  -5.456  74.186 1.0000000000
150341  -66.132  -5.916  74.777 1.0000000000
150342  -66.052  -6.942  74.759 1.0000000000
150343  -65.961  -7.964  74.737 1.0000000000
150344  -65.864  -8.982  74.708 1.0000000000
150346  -69.252  -7.672  71.731 1.0000000000
150347  -68.565  -8.141  72.337 1.0000000000
150348  -69.047  -9.693  71.684 1.0000000000
150349  -68.463  -9.151  72.312 1.0000000000
150350  -67.873  -8.609  72.932 1.0000000000
150351  -67.175  -9.071  73.520 1.0000000000
150352  -66.470  -9.536  74.100 1.0000000000
150353  -65.758  -10.001  74.672 1.0000000000
150354  -65.644  -11.013  74.630 1.0000000000
150355  -65.523  -12.021  74.580 1.0000000000
150356  -65.393  -13.026  74.526 1.0000000000
150357  -66.698  -13.098  73.347 1.0000000000
150358  -65.981  -13.562  73.909 1.0000000000
150359  -65.259  -14.030  74.461 1.0000000000
150360  -65.116  -15.031  74.391 1.0000000000
150361  -64.968  -16.028  74.312 1.0000000000
150362  -64.814  -17.027  74.224 1.0000000000
150363  -65.384  -17.560  73.597 1.0000000000
