#!ascii label  , from subject fsaverage vox2ras=TkReg coords=white
2043
98  -57.018  -34.168  40.366 4.1582226753
127  -50.939  -40.810  29.976 0.0000000000
277  -59.645  -30.179  33.457 0.0000000000
278  -56.924  -37.398  34.388 3.2131721973
463  -45.730  -41.479  40.767 0.0000000000
464  -53.409  -40.773  45.846 3.2446739674
465  -48.246  -36.652  38.924 2.6146399975
466  -51.215  -30.288  34.082 0.0000000000
1015  -42.186  -38.884  39.100 0.0000000000
1016  -46.038  -39.074  41.966 3.6856975555
1017  -43.685  -35.966  36.993 0.0000000000
1019  -46.660  -29.882  32.903 0.0000000000
1058  -42.951  -42.142  39.228 0.0000000000
1192  -55.387  -37.118  43.879 3.4336841106
1193  -55.652  -42.255  42.784 0.0000000000
1194  -56.845  -38.617  40.785 3.4966874123
1195  -54.313  -39.012  31.981 0.0000000000
1196  -56.479  -42.079  33.832 0.0000000000
1651  -59.079  -31.817  37.228 0.0000000000
1652  -58.419  -35.560  37.577 0.0000000000
1654  -57.892  -34.592  31.444 2.8981552124
1655  -54.557  -36.134  28.870 0.0000000000
2041  -47.734  -44.493  42.540 3.2446739674
2042  -51.175  -44.634  45.450 3.4966874123
2043  -49.277  -41.415  43.692 4.2527279854
2044  -50.534  -38.627  43.704 3.4336841106
2045  -52.852  -35.623  40.290 3.0241620541
2046  -45.219  -32.991  34.950 0.0000000000
2047  -49.759  -33.341  36.348 3.8117041588
2048  -54.477  -32.339  37.792 3.7487008572
2049  -55.927  -29.932  35.258 3.3706805706
2096  -45.147  -45.205  40.563 0.0000000000
2263  -53.780  -45.370  43.539 0.0000000000
2266  -57.338  -40.425  36.935 0.0000000000
2936  -42.592  -37.339  38.514 0.0000000000
3112  -56.239  -35.388  42.270 3.7487008572
3113  -56.540  -37.640  43.010 2.9296569824
3114  -57.487  -35.983  41.310 2.9296569824
3115  -52.809  -39.874  30.900 3.2446739674
3116  -53.481  -41.413  32.113 3.2446739674
3117  -51.832  -42.358  30.796 0.0000000000
3712  -59.719  -30.781  35.499 0.0000000000
3717  -59.259  -33.497  29.626 0.0000000000
3718  -56.144  -34.973  30.083 3.0871653557
3719  -57.511  -33.833  28.178 0.0000000000
4480  -46.790  -42.991  41.657 3.4966874123
4481  -48.483  -43.003  43.100 0.0000000000
4482  -47.425  -41.516  42.152 3.4021823406
4483  -47.090  -37.494  40.678 3.4651856422
4484  -48.120  -38.689  43.320 2.7091450691
4485  -49.450  -37.651  41.447 2.7091450691
4486  -51.856  -37.411  41.868 4.4102363586
4487  -50.624  -36.418  39.545 3.3706805706
4491  -49.012  -30.233  33.356 2.8036501408
4492  -48.194  -31.822  34.388 3.1816704273
4493  -50.654  -31.887  35.278 3.1501688957
4494  -52.080  -32.939  37.189 3.4966874123
4495  -52.966  -31.549  35.863 3.4966874123
4496  -55.400  -31.023  36.575 3.1186671257
4497  -53.554  -30.198  34.815 0.0000000000
4610  -44.351  -41.884  39.894 0.0000000000
4611  -44.097  -43.793  40.017 0.0000000000
4612  -45.482  -43.509  40.756 0.0000000000
4613  -46.439  -44.930  41.522 3.2446739674
5017  -52.337  -42.700  45.840 3.6226940155
5018  -52.732  -45.101  45.381 0.0000000000
5019  -53.863  -43.295  45.232 2.9296569824
5025  -57.944  -36.465  35.880 3.4021823406
5026  -57.250  -38.107  37.318 2.7091450691
5027  -57.241  -39.162  35.868 3.1501688957
6433  -44.137  -40.270  39.793 0.0000000000
6434  -45.856  -40.258  41.320 0.0000000000
6435  -44.052  -39.083  40.535 0.0000000000
6436  -44.711  -37.511  39.740 0.0000000000
6437  -45.921  -36.343  38.070 3.0556638241
6441  -47.430  -28.056  32.591 0.0000000000
6442  -49.548  -28.564  32.581 0.0000000000
6443  -51.782  -28.990  32.921 0.0000000000
6512  -42.844  -40.563  38.987 0.0000000000
6754  -54.410  -39.006  45.299 3.7171990871
6755  -54.871  -41.569  44.953 2.7721486092
6756  -55.807  -39.629  44.092 2.7721486092
6757  -56.284  -40.379  41.924 0.0000000000
6758  -56.515  -41.235  39.586 0.0000000000
6759  -55.416  -38.158  33.205 3.4021823406
6760  -56.323  -39.822  34.518 2.8981552124
6761  -55.197  -40.556  33.276 2.8981552124
6762  -54.744  -43.013  32.476 0.0000000000
7693  -57.952  -33.108  38.587 0.0000000000
7694  -58.385  -34.693  39.435 4.1582226753
7696  -59.389  -34.547  36.068 0.0000000000
7697  -58.555  -35.298  34.338 0.0000000000
7699  -59.475  -34.111  32.922 0.0000000000
7700  -57.174  -35.881  32.782 2.7091450691
7701  -55.590  -36.486  31.500 3.0871653557
7702  -54.245  -37.417  30.383 0.0000000000
7703  -52.620  -38.334  29.438 2.8981552124
8695  -48.376  -46.110  43.293 0.0000000000
8696  -50.222  -46.390  44.682 0.0000000000
8697  -49.313  -44.652  43.963 3.8432059288
8698  -50.246  -42.900  44.679 3.6226940155
8699  -51.337  -41.106  45.185 3.8432059288
8700  -47.685  -40.178  43.037 3.4021823406
8701  -49.713  -40.079  44.443 4.2527279854
8702  -52.102  -39.471  45.373 3.4336841106
8703  -53.123  -38.037  44.127 3.7171990871
8704  -54.149  -36.220  42.417 4.0637178421
8705  -55.068  -34.569  40.676 4.0637178421
8707  -44.506  -34.577  35.978 0.0000000000
8708  -46.802  -35.123  36.540 3.4966874123
8709  -45.923  -31.373  33.844 0.0000000000
8710  -47.472  -33.418  35.452 3.4651856422
8711  -49.067  -35.204  37.402 3.3391790390
8712  -51.282  -34.633  38.202 0.0000000000
8713  -53.618  -33.779  38.947 3.4966874123
8714  -55.863  -33.169  39.224 3.7487008572
8715  -56.863  -31.895  37.893 0.0000000000
8716  -57.709  -30.747  36.503 2.9926602840
8717  -57.947  -29.942  34.824 0.0000000000
8718  -54.038  -29.071  33.615 0.0000000000
8719  -56.164  -29.047  33.691 0.0000000000
8720  -57.753  -29.333  32.718 0.0000000000
8854  -42.712  -43.917  39.323 2.6776435375
8855  -43.963  -45.429  39.485 0.0000000000
8858  -47.233  -46.565  42.310 0.0000000000
9349  -51.674  -46.915  45.022 0.0000000000
9352  -54.830  -44.006  43.316 0.0000000000
9358  -57.457  -36.950  39.217 0.0000000000
9359  -56.874  -39.617  38.450 2.7091450691
9360  -57.038  -41.986  37.597 0.0000000000
9361  -57.387  -41.150  35.425 0.0000000000
9381  -58.905  -32.990  25.292 0.0000000000
9382  -55.330  -34.749  26.819 0.0000000000
9383  -52.412  -36.728  27.856 0.0000000000
10792  -56.733  -34.715  41.315 4.1582226753
10793  -57.037  -35.564  41.992 3.1186671257
10794  -57.479  -34.948  41.062 4.1582226753
10795  -51.787  -40.319  30.518 0.0000000000
10796  -52.092  -41.076  31.091 3.2446739674
10797  -51.329  -41.612  30.455 0.0000000000
11392  -59.738  -30.390  34.497 0.0000000000
11397  -60.057  -33.119  28.429 0.0000000000
11398  -58.449  -33.585  28.845 0.0000000000
11399  -59.235  -33.279  27.689 0.0000000000
12160  -46.329  -42.224  41.227 2.9296569824
12161  -47.103  -42.227  41.924 3.4966874123
12162  -46.600  -41.506  41.496 3.4021823406
12163  -47.737  -37.105  39.779 3.4651856422
12164  -48.275  -37.566  41.085 3.2761754990
12165  -48.945  -37.161  40.143 3.8117041588
12166  -50.133  -37.125  40.420 3.3706805706
12167  -49.443  -36.590  39.232 3.8117041588
12171  -50.116  -30.265  33.727 0.0000000000
12172  -49.790  -31.090  34.276 2.8036501408
12173  -50.971  -31.082  34.680 0.0000000000
12174  -51.783  -31.780  35.610 3.1501688957
12175  -52.120  -31.002  35.042 0.0000000000
12176  -53.303  -30.814  35.381 3.3076772690
12177  -52.370  -30.312  34.461 0.0000000000
12290  -45.022  -41.689  40.266 0.0000000000
12291  -44.966  -42.737  40.392 0.0000000000
12292  -45.650  -42.471  40.768 0.0000000000
12293  -46.122  -43.268  41.146 2.9296569824
12697  -52.941  -41.707  45.798 2.9296569824
12698  -53.224  -42.901  45.671 2.9296569824
12699  -53.714  -41.983  45.609 2.9296569824
12705  -57.585  -36.977  35.075 3.4021823406
12706  -57.442  -37.856  35.889 3.1501688957
12707  -57.028  -38.330  35.204 3.1501688957
14560  -43.215  -39.660  39.510 0.0000000000
14561  -44.088  -39.738  40.127 0.0000000000
14562  -43.146  -39.050  39.753 0.0000000000
14563  -43.151  -36.619  37.686 0.0000000000
14564  -43.605  -37.413  39.152 0.0000000000
14565  -44.224  -36.769  38.215 0.0000000000
14566  -45.349  -36.912  38.802 0.0000000000
14567  -44.775  -36.207  37.540 0.0000000000
14574  -48.467  -28.317  32.490 0.0000000000
14692  -42.601  -39.806  39.027 0.0000000000
14693  -43.508  -40.454  39.339 0.0000000000
15097  -54.875  -38.028  44.601 3.8747076988
15098  -55.171  -39.328  44.795 3.8747076988
15099  -55.602  -38.226  44.200 3.8747076988
15100  -56.808  -38.095  41.957 2.9296569824
15101  -56.451  -39.075  42.521 3.4651856422
15102  -56.593  -39.480  41.388 3.4966874123
15103  -56.374  -40.812  40.725 0.0000000000
15104  -56.559  -39.944  40.184 0.0000000000
15105  -54.777  -38.567  32.602 0.0000000000
15106  -55.180  -39.322  33.329 3.4021823406
15107  -54.646  -39.720  32.718 2.8981552124
15108  -53.226  -42.655  31.769 0.0000000000
15109  -54.072  -42.186  32.434 0.0000000000
16897  -58.509  -32.439  37.902 0.0000000000
16898  -58.746  -33.339  38.264 0.0000000000
16902  -59.917  -34.099  35.285 0.0000000000
16903  -59.017  -34.931  35.099 0.0000000000
16904  -59.569  -34.490  34.375 0.0000000000
16908  -59.357  -33.732  31.306 0.0000000000
16910  -58.692  -34.365  32.186 0.0000000000
16911  -58.198  -35.033  32.893 2.8981552124
16912  -57.398  -35.281  32.167 2.8981552124
16913  -56.398  -36.188  32.128 2.7091450691
16914  -56.586  -35.469  31.502 2.8981552124
16915  -55.324  -35.496  29.357 0.0000000000
16916  -55.067  -36.147  30.139 0.0000000000
16917  -54.352  -36.706  29.603 0.0000000000
16918  -53.636  -37.940  29.851 2.8981552124
16919  -53.617  -37.190  29.137 3.0556638241
19195  -47.991  -45.336  42.867 3.2446739674
19196  -48.792  -45.341  43.633 3.8432059288
19197  -48.527  -44.567  43.248 3.4966874123
19198  -48.891  -42.219  43.382 4.0322160721
19199  -49.369  -43.037  43.929 4.0322160721
19200  -49.872  -42.161  44.179 4.0322160721
19201  -50.853  -42.046  44.966 3.6226940155
19202  -50.308  -41.310  44.488 3.8432059288
19203  -45.910  -39.752  41.703 3.4021823406
19204  -46.720  -40.255  42.174 3.4021823406
19205  -46.796  -39.665  42.660 3.4021823406
19206  -49.316  -38.708  43.589 4.1267209053
19207  -48.863  -39.429  44.034 4.1267209053
19208  -50.044  -39.282  44.320 3.4336841106
19209  -50.889  -39.808  44.988 3.8432059288
19210  -51.269  -39.028  44.615 3.4336841106
19211  -52.569  -38.775  44.787 3.7171990871
19212  -51.837  -38.366  43.976 3.4336841106
19213  -52.353  -36.560  40.997 3.0241620541
19214  -53.003  -36.868  42.144 4.0637178421
19215  -53.495  -35.976  41.293 3.0241620541
19216  -54.606  -35.373  41.518 3.7487008572
19217  -53.920  -35.092  40.514 2.8666536808
19221  -44.097  -32.628  34.820 0.0000000000
19223  -44.841  -33.803  35.444 0.0000000000
19224  -45.662  -34.904  36.250 0.0000000000
19225  -45.975  -34.089  35.700 3.4966874123
19226  -45.657  -29.465  33.012 0.0000000000
19227  -45.247  -30.239  33.382 0.0000000000
19228  -46.281  -30.582  33.289 0.0000000000
19229  -48.967  -32.591  35.326 3.8117041588
19230  -47.791  -32.546  34.894 0.0000000000
19231  -48.612  -33.489  35.899 3.8117041588
19232  -48.292  -34.373  36.407 3.2761754990
19233  -49.421  -34.284  36.896 3.2761754990
19234  -50.217  -35.022  37.946 0.0000000000
19235  -50.489  -34.044  37.295 0.0000000000
19236  -53.367  -32.659  37.532 3.4021823406
19237  -52.885  -33.424  38.068 3.4021823406
19238  -54.012  -33.046  38.374 3.4021823406
19239  -54.756  -33.358  39.176 3.7487008572
19240  -55.224  -32.732  38.504 3.7487008572
19241  -56.340  -32.550  38.471 0.0000000000
19242  -55.640  -32.060  37.936 3.7487008572
19243  -55.703  -30.459  35.908 3.1186671257
19244  -56.577  -30.857  36.659 2.9926602840
19245  -56.852  -30.337  35.931 2.9926602840
19246  -57.911  -30.245  35.721 2.9926602840
19247  -56.991  -29.900  35.185 0.0000000000
19249  -52.859  -29.063  33.281 0.0000000000
19252  -55.223  -28.523  33.019 0.0000000000
19253  -56.184  -28.506  32.805 0.0000000000
19254  -57.059  -29.128  33.305 3.7802026272
19255  -56.933  -28.702  32.367 0.0000000000
19256  -57.575  -28.939  31.769 0.0000000000
19587  -42.803  -43.089  39.434 0.0000000000
19588  -44.565  -44.466  40.321 0.0000000000
19589  -43.954  -44.589  39.874 0.0000000000
19590  -44.570  -45.378  40.027 0.0000000000
19595  -47.042  -44.750  42.025 3.2446739674
19596  -46.835  -45.718  41.845 0.0000000000
19597  -47.401  -45.516  42.326 3.2446739674
19598  -47.759  -46.360  42.744 0.0000000000
20812  -50.691  -45.508  44.974 3.4966874123
20813  -51.036  -46.750  45.069 0.0000000000
20814  -51.470  -45.874  45.281 0.0000000000
20815  -53.356  -45.212  44.622 0.0000000000
20816  -52.664  -46.125  44.547 0.0000000000
20820  -55.316  -41.875  43.948 0.0000000000
20821  -54.859  -42.772  44.300 0.0000000000
20822  -55.206  -43.200  43.198 0.0000000000
20835  -58.512  -35.137  38.578 0.0000000000
20836  -58.054  -35.754  39.426 2.9296569824
20837  -57.909  -36.224  38.401 0.0000000000
20838  -57.211  -39.449  37.091 2.7091450691
20839  -57.024  -38.846  37.939 2.7091450691
20840  -57.152  -40.114  37.613 0.0000000000
20841  -56.993  -40.862  38.030 0.0000000000
20842  -57.297  -41.217  37.277 0.0000000000
20843  -56.416  -40.926  34.296 2.8981552124
20844  -56.853  -40.495  35.020 0.0000000000
20845  -57.066  -41.624  34.625 0.0000000000
20895  -57.581  -33.126  24.857 0.0000000000
20896  -57.041  -33.717  26.121 0.0000000000
20897  -55.751  -33.909  25.712 0.0000000000
20899  -52.486  -35.797  27.071 0.0000000000
20901  -51.233  -37.707  28.267 0.0000000000
23714  -42.281  -38.115  39.062 0.0000000000
24034  -55.815  -36.245  43.132 3.7487008572
24035  -56.033  -37.270  43.606 3.7487008572
24036  -56.503  -36.378  42.798 3.7487008572
24037  -56.988  -36.754  42.190 3.1186671257
24038  -57.131  -37.291  41.167 2.9296569824
24039  -53.720  -39.479  31.377 3.5596907139
24040  -53.961  -40.202  32.074 3.2446739674
24041  -53.042  -40.645  31.543 3.2446739674
24042  -52.586  -41.822  31.483 0.0000000000
25114  -59.501  -31.279  36.439 0.0000000000
25122  -60.055  -33.308  30.392 0.0000000000
25123  -58.466  -33.970  30.601 0.0000000000
25124  -57.079  -34.750  30.798 3.0871653557
25125  -57.650  -34.119  29.923 3.0871653557
25126  -56.742  -34.366  29.242 3.0871653557
25127  -55.824  -34.932  28.540 0.0000000000
26494  -47.337  -43.716  42.123 3.4966874123
26495  -48.182  -43.709  42.830 3.4966874123
26496  -47.642  -42.956  42.421 3.4966874123
26497  -48.036  -42.279  42.595 0.0000000000
26498  -48.286  -41.497  42.895 3.4021823406
26499  -46.403  -38.182  41.639 3.6856975555
26500  -47.034  -38.920  42.833 3.6856975555
26501  -47.557  -38.065  42.046 3.6856975555
26502  -48.763  -38.104  42.476 2.7091450691
26503  -49.939  -38.169  42.626 2.7091450691
26504  -51.179  -38.051  42.816 3.4021823406
26505  -50.675  -37.641  41.672 3.4021823406
26506  -51.249  -36.938  40.695 3.3706805706
26507  -51.754  -36.143  39.926 3.3706805706
26512  -44.493  -31.806  34.425 0.0000000000
26513  -47.816  -30.090  33.050 0.0000000000
26514  -47.404  -30.931  33.461 0.0000000000
26515  -48.605  -31.037  33.841 2.8036501408
26516  -49.402  -31.853  34.849 3.1816704273
26517  -50.192  -32.563  35.854 3.1501688957
26518  -50.875  -33.173  36.807 3.1501688957
26519  -51.366  -32.430  36.210 3.1501688957
26520  -52.584  -32.263  36.572 3.4966874123
26521  -53.759  -31.956  36.814 3.4966874123
26522  -54.955  -31.654  37.172 3.7802026272
26523  -54.179  -31.262  36.239 3.1186671257
26524  -54.502  -30.649  35.674 3.1186671257
26525  -54.746  -30.076  35.144 3.3706805706
26728  -43.618  -42.014  39.525 0.0000000000
26729  -43.503  -42.988  39.718 0.0000000000
26730  -44.258  -42.916  40.048 0.0000000000
26731  -44.802  -43.684  40.329 0.0000000000
26732  -45.260  -44.346  40.686 0.0000000000
26733  -45.792  -45.021  41.020 0.0000000000
26734  -45.978  -44.200  41.135 0.0000000000
26735  -46.675  -44.037  41.593 3.2446739674
27463  -51.668  -43.652  45.782 3.4966874123
27464  -51.975  -44.855  45.622 3.4966874123
27465  -52.542  -43.845  45.803 0.0000000000
27466  -53.352  -44.105  45.393 0.0000000000
27467  -53.962  -44.336  44.530 0.0000000000
27477  -58.181  -36.061  36.713 3.4021823406
27478  -57.737  -36.689  37.450 0.0000000000
27479  -57.585  -37.274  36.634 3.4021823406
27480  -57.310  -38.709  36.547 3.1501688957
27481  -57.338  -39.823  36.405 0.0000000000
30367  -45.004  -40.849  40.212 0.0000000000
30368  -45.860  -40.839  40.934 0.0000000000
30369  -44.983  -40.279  40.538 0.0000000000
30370  -44.989  -39.711  40.901 0.0000000000
30371  -45.036  -39.182  41.256 0.0000000000
30372  -43.223  -38.200  39.832 0.0000000000
30373  -44.190  -38.283  40.511 0.0000000000
30374  -45.296  -38.300  41.085 0.0000000000
30375  -45.886  -37.513  40.190 0.0000000000
30376  -46.504  -36.993  39.283 3.0556638241
30377  -47.079  -36.552  38.531 3.0556638241
30385  -47.042  -28.934  32.702 0.0000000000
30386  -48.190  -29.218  32.776 0.0000000000
30387  -49.264  -29.375  32.991 0.0000000000
30388  -50.396  -29.562  33.228 0.0000000000
30389  -51.475  -29.653  33.457 0.0000000000
30390  -50.637  -28.795  32.653 0.0000000000
30552  -42.950  -41.268  38.963 0.0000000000
30553  -43.652  -41.164  39.326 0.0000000000
30554  -44.333  -40.963  39.740 0.0000000000
31120  -53.892  -39.954  45.688 3.2446739674
31121  -54.213  -41.160  45.557 3.2446739674
31122  -54.706  -40.288  45.301 2.7721486092
31123  -55.292  -40.611  44.618 2.7721486092
31124  -55.774  -40.926  43.479 0.0000000000
31125  -56.126  -38.598  43.508 3.4651856422
31126  -56.141  -39.948  43.036 0.0000000000
31127  -56.044  -41.225  42.355 0.0000000000
31128  -56.109  -41.635  41.230 0.0000000000
31129  -56.248  -41.961  40.068 0.0000000000
31131  -56.160  -37.804  33.812 3.4021823406
31132  -56.414  -38.730  34.568 0.0000000000
31133  -55.774  -39.050  33.948 3.4021823406
31134  -55.789  -40.178  33.919 2.8981552124
31135  -55.793  -41.336  33.661 2.8981552124
31136  -54.358  -40.958  32.714 0.0000000000
31137  -54.908  -41.754  33.040 0.0000000000
31138  -55.597  -42.508  33.137 0.0000000000
33499  -57.482  -33.636  39.477 0.0000000000
33500  -57.889  -34.344  40.072 4.1582226753
33501  -58.263  -33.860  39.071 0.0000000000
33502  -58.859  -34.198  38.552 0.0000000000
33503  -58.980  -34.588  37.728 0.0000000000
33505  -59.521  -34.108  36.982 0.0000000000
33506  -58.834  -35.056  36.834 0.0000000000
33507  -58.603  -35.425  35.933 0.0000000000
33508  -58.226  -35.853  35.094 3.4021823406
33509  -57.722  -36.265  34.256 3.2131721973
33515  -60.159  -33.900  33.732 0.0000000000
33516  -59.010  -34.777  33.634 0.0000000000
33517  -57.900  -35.630  33.517 3.5281891823
33518  -57.003  -36.632  33.508 3.2131721973
33519  -56.186  -36.984  32.891 3.6856975555
33520  -55.365  -37.361  32.299 3.0871653557
33521  -54.649  -37.813  31.716 0.0000000000
33522  -55.855  -35.701  30.783 0.0000000000
33523  -54.825  -36.962  30.948 3.0871653557
33524  -54.158  -38.242  31.189 0.0000000000
33525  -53.611  -38.787  30.643 3.5596907139
33526  -52.648  -39.173  30.178 2.8981552124
33527  -51.554  -39.478  29.845 0.0000000000
36339  -49.276  -46.272  44.024 0.0000000000
36340  -49.672  -45.521  44.236 3.8432059288
36341  -50.202  -44.672  44.761 3.8432059288
36342  -48.906  -43.816  43.624 3.8432059288
36343  -49.777  -43.850  44.469 3.8432059288
36344  -50.659  -43.750  45.224 3.4966874123
36345  -51.279  -42.846  45.405 3.6226940155
36346  -51.902  -41.877  45.570 3.6226940155
36347  -52.451  -40.894  45.675 3.2446739674
36348  -46.710  -40.830  41.728 3.4021823406
36349  -47.543  -40.785  42.525 3.4021823406
36350  -48.490  -40.711  43.337 3.4021823406
36351  -47.793  -39.548  43.509 3.6856975555
36352  -48.642  -40.194  43.790 4.2527279854
36353  -49.513  -40.698  44.093 4.2527279854
36354  -50.582  -40.540  44.829 3.8432059288
36355  -51.715  -40.275  45.422 3.8432059288
36356  -52.839  -40.010  45.783 3.2446739674
36357  -53.289  -39.256  45.539 3.7171990871
36358  -53.806  -38.398  44.963 3.7171990871
36359  -54.330  -37.507  44.113 3.7171990871
36360  -52.499  -37.685  43.077 0.0000000000
36361  -53.716  -37.159  43.265 4.0637178421
36362  -54.813  -36.622  43.310 3.7487008572
36363  -55.216  -35.753  42.476 3.7487008572
36364  -55.707  -34.939  41.564 4.0637178421
36365  -56.056  -34.307  40.627 4.0637178421
36371  -44.134  -35.288  36.500 0.0000000000
36372  -45.240  -35.591  36.932 0.0000000000
36373  -46.417  -35.835  37.345 3.0556638241
36374  -47.550  -35.975  37.675 3.0556638241
36376  -44.845  -30.939  33.874 0.0000000000
36377  -45.504  -32.082  34.417 0.0000000000
36378  -47.006  -31.611  34.003 0.0000000000
36379  -46.691  -32.409  34.615 0.0000000000
36380  -46.319  -33.212  35.119 0.0000000000
36381  -47.158  -34.251  35.965 3.4966874123
36382  -47.967  -35.247  36.963 3.2761754990
36383  -48.701  -36.005  38.091 2.6146399975
36384  -49.830  -35.884  38.407 2.6146399975
36385  -51.060  -35.583  38.842 0.0000000000
36386  -52.104  -35.141  39.181 3.4966874123
36387  -51.616  -33.731  37.692 0.0000000000
36388  -52.456  -34.250  38.616 3.4966874123
36389  -53.211  -34.652  39.600 2.8666536808
36390  -54.344  -34.223  39.812 4.0637178421
36391  -55.437  -33.862  39.896 4.0637178421
36392  -56.450  -33.697  39.754 4.1582226753
36393  -56.945  -33.122  39.017 0.0000000000
36394  -57.460  -32.463  38.268 0.0000000000
36395  -58.038  -31.789  37.635 0.0000000000
36396  -56.188  -31.428  37.377 3.7802026272
36397  -57.352  -31.286  37.292 0.0000000000
36398  -58.517  -31.215  36.927 2.9926602840
36399  -58.802  -30.695  36.074 0.0000000000
36400  -58.869  -30.296  35.151 0.0000000000
36401  -58.802  -30.044  34.161 0.0000000000
36402  -52.638  -29.708  33.843 0.0000000000
36403  -53.794  -29.615  34.199 0.0000000000
36404  -54.955  -29.544  34.462 3.3706805706
36405  -54.207  -28.467  32.971 0.0000000000
36406  -55.084  -29.083  33.780 0.0000000000
36407  -55.999  -29.561  34.503 3.3706805706
36408  -57.058  -29.527  34.287 0.0000000000
36409  -57.933  -29.613  33.804 0.0000000000
36410  -58.628  -29.856  33.112 0.0000000000
36411  -58.442  -29.586  32.113 0.0000000000
36810  -42.790  -44.685  38.799 0.0000000000
36811  -43.378  -43.853  39.675 2.6776435375
36812  -43.316  -44.646  39.386 2.6776435375
36813  -43.432  -45.474  38.853 0.0000000000
38290  -52.150  -46.003  45.199 0.0000000000
38291  -52.102  -46.972  44.278 0.0000000000
38296  -54.341  -42.434  45.082 2.9296569824
38297  -54.441  -43.626  44.389 2.9296569824
38298  -54.405  -44.778  43.407 0.0000000000
38314  -57.940  -35.311  40.396 4.1582226753
38315  -57.612  -36.510  40.223 2.9296569824
38316  -57.079  -37.726  40.048 3.4966874123
38317  -57.297  -37.463  38.208 0.0000000000
38318  -57.023  -38.255  38.973 2.7091450691
38319  -56.765  -39.080  39.568 3.4966874123
38320  -56.717  -40.405  38.996 0.0000000000
38321  -56.696  -41.623  38.473 0.0000000000
38323  -56.826  -39.524  35.166 3.1501688957
38324  -57.268  -40.129  35.728 0.0000000000
38325  -57.486  -40.743  36.231 0.0000000000
38386  -58.288  -33.395  26.737 0.0000000000
38387  -56.500  -34.287  27.414 2.5516366959
38388  -54.955  -35.532  27.936 0.0000000000
38389  -54.113  -34.800  26.368 0.0000000000
38390  -53.801  -35.819  27.323 0.0000000000
38391  -53.669  -36.522  28.257 0.0000000000
38392  -52.499  -37.513  28.595 0.0000000000
38393  -51.389  -38.606  29.076 0.0000000000
41512  -56.818  -34.452  40.836 4.1582226753
41513  -57.125  -34.818  41.236 4.1582226753
41514  -57.267  -34.534  40.753 4.1582226753
41515  -51.352  -40.573  30.266 0.0000000000
41516  -51.505  -40.965  30.524 0.0000000000
41517  -51.113  -41.235  30.224 0.0000000000
41518  -50.971  -41.882  30.156 0.0000000000
41519  -50.745  -41.486  29.887 0.0000000000
42112  -59.685  -30.270  34.018 0.0000000000
42113  -60.157  -30.511  34.254 0.0000000000
42114  -60.132  -30.377  33.717 0.0000000000
42117  -60.497  -32.990  27.793 0.0000000000
42118  -59.687  -33.197  28.040 0.0000000000
42119  -60.083  -33.074  27.412 0.0000000000
42880  -46.049  -41.850  41.003 2.9296569824
42881  -46.471  -41.857  41.355 3.4966874123
42882  -46.160  -41.495  41.102 0.0000000000
42883  -48.005  -36.902  39.334 3.8117041588
42884  -48.297  -37.131  39.957 3.8117041588
42885  -48.596  -36.911  39.531 3.8117041588
42886  -49.191  -36.892  39.658 3.8117041588
42887  -48.834  -36.632  39.070 2.6146399975
42891  -50.654  -30.266  33.899 0.0000000000
42892  -50.551  -30.690  34.181 0.0000000000
42893  -51.099  -30.658  34.371 0.0000000000
42894  -51.543  -31.046  34.850 0.0000000000
42895  -51.647  -30.664  34.592 0.0000000000
42896  -52.233  -30.641  34.777 0.0000000000
42897  -51.746  -30.327  34.279 0.0000000000
43010  -45.398  -41.613  40.492 0.0000000000
43011  -45.353  -42.078  40.534 0.0000000000
43012  -45.715  -42.003  40.757 0.0000000000
43013  -46.009  -42.405  40.992 2.9296569824
43417  -53.169  -41.254  45.807 3.2446739674
43418  -53.348  -41.805  45.742 2.9296569824
43419  -53.557  -41.363  45.761 3.2446739674
43425  -57.267  -37.213  34.718 3.2131721973
43426  -57.271  -37.623  35.138 3.4021823406
43427  -56.940  -37.859  34.825 0.0000000000
45280  -42.678  -39.327  39.356 0.0000000000
45281  -43.172  -39.372  39.628 0.0000000000
45282  -42.667  -38.981  39.432 0.0000000000
45283  -43.426  -36.309  37.312 0.0000000000
45284  -43.678  -36.718  37.985 0.0000000000
45285  -43.940  -36.399  37.579 0.0000000000
45286  -44.512  -36.488  37.846 0.0000000000
45287  -44.212  -36.066  37.236 0.0000000000
45412  -42.376  -39.369  39.091 0.0000000000
45413  -42.901  -39.729  39.261 0.0000000000
45817  -55.138  -37.555  44.250 3.8747076988
45818  -55.269  -38.105  44.459 3.8747076988
45819  -55.502  -37.631  44.065 3.8747076988
45820  -56.852  -38.355  41.392 3.4966874123
45821  -56.686  -38.819  41.709 2.9296569824
45822  -56.751  -39.055  41.061 3.4966874123
45823  -56.560  -39.716  40.761 0.0000000000
45824  -56.691  -39.288  40.478 3.4966874123
45825  -54.532  -38.789  32.284 0.0000000000
45826  -54.658  -39.149  32.686 0.0000000000
45827  -54.452  -39.361  32.364 0.0000000000
45828  -53.227  -43.296  31.422 0.0000000000
45829  -53.615  -43.064  31.803 0.0000000000
47617  -58.808  -32.123  37.570 0.0000000000
47623  -59.834  -34.317  34.775 0.0000000000
47628  -58.606  -34.159  31.397 0.0000000000
47629  -59.021  -34.029  31.748 0.0000000000
47630  -58.293  -34.478  31.787 2.8981552124
47631  -58.037  -34.830  32.161 2.8981552124
47632  -57.620  -34.929  31.803 2.8981552124
47633  -56.970  -35.373  31.838 2.8981552124
47634  -57.188  -35.022  31.475 2.8981552124
47635  -54.903  -35.840  29.062 0.0000000000
47636  -54.766  -36.137  29.431 0.0000000000
47637  -54.425  -36.413  29.248 0.0000000000
47638  -54.016  -36.966  29.394 3.0556638241
47639  -54.035  -36.659  29.055 3.0556638241
49915  -47.864  -44.903  42.710 3.2446739674
49916  -48.254  -44.952  43.056 3.4966874123
49917  -48.145  -44.516  42.883 3.4966874123
49918  -49.068  -41.812  43.535 4.0322160721
49919  -49.407  -42.205  43.761 4.0322160721
49920  -49.601  -41.807  43.946 4.0322160721
49921  -50.123  -41.803  44.369 4.0322160721
49922  -49.761  -41.406  44.112 4.2527279854
49923  -45.966  -39.438  41.876 3.6856975555
49924  -46.387  -39.711  42.149 3.4021823406
49925  -46.429  -39.388  42.352 3.6856975555
49926  -49.896  -38.709  43.604 4.1267209053
49927  -49.631  -38.990  44.011 4.1267209053
49928  -50.272  -38.950  44.029 3.4336841106
49929  -50.668  -39.184  44.440 3.4336841106
49930  -50.889  -38.825  44.175 3.4336841106
49931  -51.503  -38.673  44.325 3.4336841106
49932  -51.175  -38.497  43.845 3.4336841106
49933  -52.614  -36.093  40.596 3.0241620541
49934  -52.906  -36.281  41.154 3.0241620541
49935  -53.173  -35.813  40.745 3.0241620541
49936  -53.715  -35.508  40.899 3.0241620541
49937  -53.406  -35.359  40.400 2.8666536808
49941  -44.648  -32.818  34.870 0.0000000000
49942  -44.471  -33.243  35.104 0.0000000000
49943  -45.023  -33.415  35.181 0.0000000000
49944  -45.388  -33.930  35.538 0.0000000000
49945  -45.592  -33.538  35.328 0.0000000000
49946  -46.142  -29.624  32.900 0.0000000000
49947  -45.972  -30.069  33.112 0.0000000000
49948  -46.445  -30.253  33.081 0.0000000000
49949  -49.378  -32.977  35.851 3.8117041588
49950  -48.823  -33.033  35.622 3.8117041588
49951  -49.223  -33.424  36.128 3.8117041588
49952  -49.052  -33.905  36.382 3.2761754990
49953  -49.595  -33.807  36.622 3.2761754990
49954  -49.955  -34.172  37.114 0.0000000000
49955  -50.114  -33.696  36.818 0.0000000000
49956  -53.904  -32.500  37.659 3.4021823406
49957  -53.671  -32.860  37.960 3.4021823406
49958  -54.227  -32.687  38.096 3.7487008572
49959  -54.612  -32.866  38.500 3.7487008572
49960  -54.857  -32.546  38.156 3.7487008572
49961  -55.416  -32.403  38.220 3.7487008572
49962  -55.043  -32.187  37.883 3.7487008572
49963  -55.840  -30.169  35.611 3.1186671257
49964  -56.304  -30.388  35.962 2.9926602840
49965  -56.395  -30.144  35.641 2.9926602840
49966  -56.925  -30.100  35.570 2.9926602840
49967  -56.457  -29.915  35.261 0.0000000000
49974  -56.579  -28.610  32.617 0.0000000000
50307  -42.890  -42.617  39.365 0.0000000000
50308  -44.829  -44.821  40.466 0.0000000000
50309  -44.506  -44.877  40.205 0.0000000000
50310  -44.854  -45.291  40.296 0.0000000000
50315  -47.382  -44.643  42.269 3.2446739674
50316  -47.222  -45.139  42.185 3.2446739674
50317  -47.529  -44.974  42.447 3.2446739674
50318  -47.696  -45.452  42.634 3.2446739674
51532  -50.940  -45.061  45.210 3.4966874123
51533  -51.083  -45.686  45.163 3.4966874123
51534  -51.340  -45.233  45.379 3.4966874123
51535  -53.593  -45.237  44.127 0.0000000000
51536  -53.244  -45.731  44.110 0.0000000000
51537  -53.405  -45.763  43.528 0.0000000000
51540  -55.507  -42.062  43.367 0.0000000000
51541  -55.262  -42.548  43.576 0.0000000000
51542  -55.444  -42.763  43.016 0.0000000000
51555  -58.447  -35.363  38.056 0.0000000000
51556  -58.228  -35.666  38.512 0.0000000000
51557  -58.169  -35.883  37.969 0.0000000000
51558  -57.284  -39.978  36.981 0.0000000000
51559  -57.175  -39.748  37.371 0.0000000000
51560  -57.270  -40.289  37.239 0.0000000000
51561  -57.228  -40.639  37.459 0.0000000000
51562  -57.322  -40.792  37.125 0.0000000000
51563  -56.485  -41.515  34.103 2.8981552124
51564  -56.744  -41.257  34.495 0.0000000000
51565  -56.840  -41.854  34.245 0.0000000000
51616  -56.685  -33.519  25.315 0.0000000000
55417  -56.022  -35.807  42.692 3.7487008572
55418  -56.173  -36.287  43.027 3.7487008572
55419  -56.422  -35.827  42.618 3.7487008572
55420  -57.328  -35.745  41.735 3.1186671257
55421  -57.059  -36.111  42.135 3.1186671257
55422  -57.243  -36.347  41.734 3.1186671257
55423  -57.085  -37.032  41.702 3.1186671257
55424  -57.306  -36.622  41.245 2.9296569824
55425  -53.319  -39.690  31.098 3.5596907139
55426  -53.425  -40.082  31.420 3.2446739674
55427  -52.911  -40.275  31.213 3.2446739674
55428  -51.920  -41.710  30.980 0.0000000000
55429  -52.306  -41.444  31.276 3.2446739674
55430  -52.164  -42.083  31.156 0.0000000000
55431  -52.462  -42.440  31.337 0.0000000000
55432  -52.152  -42.731  30.914 0.0000000000
55434  -51.840  -42.994  30.525 0.0000000000
57217  -59.620  -31.035  35.975 0.0000000000
57218  -59.912  -31.418  36.245 0.0000000000
57219  -60.053  -31.173  35.768 0.0000000000
57230  -59.630  -33.408  30.003 0.0000000000
57231  -59.247  -33.632  30.503 0.0000000000
57232  -58.821  -33.736  30.140 0.0000000000
57233  -58.097  -34.055  30.255 3.0871653557
57234  -58.474  -33.782  29.797 0.0000000000
57235  -57.976  -33.677  28.502 0.0000000000
57236  -57.565  -33.915  29.049 3.0871653557
57237  -57.128  -34.091  28.709 2.5516366959
57238  -56.302  -34.624  28.866 3.0871653557
57239  -56.639  -34.335  28.379 2.5516366959
59515  -47.060  -43.352  41.889 3.4966874123
59516  -47.508  -43.315  42.303 3.4966874123
59517  -47.191  -42.976  42.056 3.4966874123
59518  -47.308  -41.886  42.014 3.4966874123
59519  -47.557  -42.250  42.271 3.4966874123
59520  -47.747  -41.909  42.373 3.4966874123
59521  -48.171  -41.888  42.723 0.0000000000
59522  -47.832  -41.510  42.508 3.4021823406
59523  -46.710  -37.798  41.157 0.0000000000
59524  -46.956  -38.127  41.871 3.6856975555
59525  -47.349  -37.801  41.396 0.0000000000
59526  -48.882  -37.613  41.262 3.2761754990
59527  -48.538  -37.842  41.770 2.7091450691
59528  -49.121  -37.857  41.993 2.7091450691
59529  -49.360  -38.131  42.598 2.7091450691
59530  -49.681  -37.906  42.058 2.7091450691
59531  -50.316  -37.909  42.155 3.4021823406
59532  -50.082  -37.672  41.546 3.4021823406
59533  -50.390  -36.803  39.955 3.3706805706
59534  -50.715  -37.022  40.578 3.3706805706
59535  -50.958  -36.671  40.130 3.3706805706
59536  -51.517  -36.556  40.300 3.3706805706
59537  -51.211  -36.274  39.704 3.3706805706
59544  -43.974  -31.611  34.470 0.0000000000
59545  -44.153  -31.192  34.231 0.0000000000
59546  -48.427  -30.186  33.223 2.8036501408
59547  -48.231  -30.587  33.402 2.8036501408
59548  -48.861  -30.671  33.625 2.8036501408
59549  -50.199  -31.484  34.752 0.0000000000
59550  -49.598  -31.482  34.581 2.8036501408
59551  -50.018  -31.855  35.080 3.5281891823
59552  -49.796  -32.204  35.331 3.8117041588
59553  -50.407  -32.172  35.581 3.1501688957
59554  -50.780  -32.484  36.027 3.1501688957
59555  -51.017  -32.152  35.746 3.1501688957
59556  -52.376  -31.674  35.753 3.4966874123
59557  -52.183  -32.023  36.080 3.4966874123
59558  -52.764  -31.889  36.193 3.4966874123
59559  -53.163  -32.087  36.638 3.4966874123
59560  -53.372  -31.756  36.324 3.4966874123
59561  -53.977  -31.607  36.514 3.4966874123
59562  -53.577  -31.402  36.074 3.3076772690
59563  -53.423  -30.503  35.067 0.0000000000
59564  -53.878  -30.743  35.512 3.3076772690
59565  -54.037  -30.434  35.251 3.3706805706
59566  -54.682  -30.347  35.466 3.1186671257
59567  -54.183  -30.118  35.040 3.3706805706
59905  -43.991  -41.948  39.732 0.0000000000
59906  -43.940  -42.463  39.824 0.0000000000
59907  -44.306  -42.391  39.981 0.0000000000
59908  -45.235  -43.143  40.602 0.0000000000
59909  -44.908  -43.253  40.443 0.0000000000
59910  -45.157  -43.618  40.549 0.0000000000
59911  -45.043  -44.008  40.473 0.0000000000
59912  -45.394  -43.961  40.717 0.0000000000
59913  -45.626  -44.280  40.932 0.0000000000
59914  -45.728  -43.860  40.935 0.0000000000
59915  -46.502  -43.158  41.401 3.4966874123
59916  -46.414  -43.612  41.342 3.4966874123
59917  -46.786  -43.523  41.599 3.4966874123
59918  -46.990  -43.904  41.829 3.2446739674
61132  -51.975  -43.150  45.808 3.6226940155
61133  -52.117  -43.733  45.847 3.1816704273
61134  -52.435  -43.246  45.836 3.6226940155
61135  -53.562  -43.100  45.483 2.9296569824
61136  -53.265  -43.522  45.572 2.9296569824
61137  -53.647  -43.678  45.300 2.9296569824
61138  -53.710  -44.226  45.039 0.0000000000
61139  -53.971  -43.783  44.962 0.0000000000
61155  -58.070  -36.248  36.299 3.4021823406
61156  -57.869  -36.630  36.670 3.4021823406
61157  -57.785  -36.831  36.289 3.4021823406
61158  -57.327  -38.550  35.885 3.1501688957
61159  -57.423  -38.283  36.228 3.1501688957
61160  -57.332  -38.936  36.205 3.1501688957
61161  -57.306  -39.316  36.460 3.1501688957
61162  -57.298  -39.499  36.144 3.1501688957
66715  -44.599  -40.545  39.985 0.0000000000
66716  -45.009  -40.569  40.356 0.0000000000
66717  -44.560  -40.291  40.158 0.0000000000
66718  -44.067  -39.446  40.344 0.0000000000
66719  -44.526  -39.750  40.510 0.0000000000
66720  -44.526  -39.439  40.752 0.0000000000
66721  -44.982  -39.439  41.099 0.0000000000
66722  -44.530  -39.125  40.864 0.0000000000
66723  -42.405  -37.720  38.818 0.0000000000
66724  -42.754  -38.187  39.397 0.0000000000
66725  -42.852  -37.740  39.176 0.0000000000
66726  -44.165  -37.445  39.396 0.0000000000
66727  -43.871  -37.817  39.876 0.0000000000
66728  -44.417  -37.834  40.135 0.0000000000
66729  -44.727  -38.271  40.781 0.0000000000
66730  -44.985  -37.884  40.463 0.0000000000
66731  -45.576  -37.899  40.694 0.0000000000
66732  -45.301  -37.546  39.988 0.0000000000
66733  -45.657  -36.632  38.445 0.0000000000
66734  -45.933  -36.915  39.079 3.0556638241
66735  -46.229  -36.669  38.663 3.0556638241
66736  -46.785  -36.772  38.951 3.0556638241
66737  -46.492  -36.485  38.260 3.0556638241
66751  -46.975  -27.900  32.686 0.0000000000
66752  -46.710  -28.318  32.698 0.0000000000
66753  -47.264  -28.508  32.651 0.0000000000
66754  -47.613  -29.072  32.696 0.0000000000
66755  -47.807  -28.650  32.617 0.0000000000
66756  -48.992  -28.432  32.531 0.0000000000
66757  -48.896  -28.887  32.677 0.0000000000
66758  -49.420  -28.968  32.781 0.0000000000
66759  -49.827  -29.458  33.105 0.0000000000
66760  -49.981  -29.086  32.850 0.0000000000
66761  -50.520  -29.155  32.899 0.0000000000
66762  -50.096  -28.708  32.605 0.0000000000
67112  -42.932  -40.920  38.958 0.0000000000
67113  -43.313  -41.223  39.133 0.0000000000
67114  -43.294  -40.865  39.140 0.0000000000
67115  -43.850  -40.357  39.539 0.0000000000
67116  -43.933  -40.722  39.523 0.0000000000
67117  -44.254  -40.640  39.690 0.0000000000
67118  -44.658  -40.931  39.901 0.0000000000
68332  -54.148  -39.482  45.536 3.7171990871
68333  -54.318  -40.116  45.525 3.2446739674
68334  -54.580  -39.624  45.339 2.7721486092
68335  -55.501  -39.455  44.461 2.7721486092
68336  -55.253  -39.962  44.749 2.7721486092
68337  -55.566  -40.082  44.366 2.7721486092
68338  -55.576  -40.775  44.048 2.7721486092
68339  -55.810  -40.267  43.815 2.7721486092
68340  -56.315  -37.423  43.326 3.4651856422
68341  -56.102  -37.880  43.612 3.4651856422
68342  -56.332  -38.102  43.223 3.4651856422
68343  -56.364  -39.734  42.230 0.0000000000
68344  -56.292  -39.515  42.776 0.0000000000
68345  -56.220  -40.161  42.485 0.0000000000
68346  -56.113  -40.616  42.742 0.0000000000
68347  -56.153  -40.804  42.164 0.0000000000
68348  -56.070  -41.416  41.786 0.0000000000
68349  -56.198  -41.014  41.590 0.0000000000
68350  -56.412  -41.013  40.162 0.0000000000
68351  -56.302  -41.402  40.400 0.0000000000
68352  -56.380  -41.580  39.857 0.0000000000
68353  -56.251  -42.142  39.457 0.0000000000
68354  -56.435  -41.798  39.238 0.0000000000
68355  -55.769  -37.970  33.476 3.4021823406
68356  -55.900  -38.438  33.876 3.4021823406
68357  -55.564  -38.600  33.570 3.4021823406
68358  -55.223  -39.944  33.317 2.8981552124
68359  -55.450  -39.762  33.648 2.8981552124
68360  -55.503  -40.348  33.581 2.8981552124
68361  -55.808  -40.748  33.833 2.8981552124
68362  -55.484  -40.946  33.500 2.8981552124
68363  -53.672  -40.807  32.127 3.2446739674
68364  -54.132  -40.562  32.418 3.2446739674
68365  -53.914  -41.180  32.406 3.2446739674
68366  -54.384  -42.601  32.463 0.0000000000
68367  -54.487  -41.980  32.739 0.0000000000
68368  -54.785  -42.369  32.778 0.0000000000
68369  -55.214  -42.117  33.103 0.0000000000
68370  -55.173  -42.782  32.816 0.0000000000
73732  -57.672  -33.402  39.061 0.0000000000
73733  -57.869  -33.743  39.314 0.0000000000
73734  -58.119  -33.496  38.869 0.0000000000
73736  -58.828  -33.773  38.414 0.0000000000
73737  -59.065  -33.940  38.118 0.0000000000
73738  -58.950  -34.391  38.152 0.0000000000
73739  -59.195  -34.126  37.756 0.0000000000
73745  -59.490  -34.334  36.537 0.0000000000
73746  -59.202  -34.605  36.926 0.0000000000
73747  -59.108  -34.803  36.450 0.0000000000
73748  -58.725  -35.244  36.386 0.0000000000
73749  -58.989  -34.992  35.981 0.0000000000
73750  -58.790  -35.151  34.709 0.0000000000
73751  -58.587  -35.381  35.082 0.0000000000
73752  -58.339  -35.597  34.692 3.5281891823
73753  -58.021  -36.054  34.661 3.2131721973
73754  -58.104  -35.767  34.280 3.2131721973
73766  -59.760  -33.840  32.548 0.0000000000
73768  -60.147  -33.732  32.923 0.0000000000
73769  -60.458  -33.608  33.383 0.0000000000
73770  -59.863  -34.033  33.291 0.0000000000
73771  -59.593  -34.351  33.660 0.0000000000
73772  -59.274  -34.472  33.290 0.0000000000
73773  -57.652  -35.464  32.827 2.8981552124
73774  -58.037  -35.330  33.202 3.5281891823
73775  -57.581  -35.750  33.135 3.5281891823
73776  -57.457  -36.084  33.444 3.2131721973
73777  -57.087  -36.237  33.111 3.2131721973
73778  -56.614  -36.801  33.191 3.2131721973
73779  -56.671  -36.387  32.767 2.7091450691
73780  -55.995  -36.343  31.820 3.0871653557
73781  -55.892  -36.755  32.175 3.0871653557
73782  -55.507  -36.927  31.882 3.0871653557
73783  -54.974  -37.553  32.034 3.0871653557
73784  -55.070  -37.154  31.600 3.0871653557
73785  -56.637  -34.831  30.433 3.0871653557
73786  -56.425  -35.185  30.825 3.0871653557
73787  -56.010  -35.270  30.462 0.0000000000
73788  -54.564  -36.803  30.270 0.0000000000
73789  -54.941  -36.536  30.550 0.0000000000
73790  -54.474  -37.227  30.719 3.0871653557
73791  -54.392  -37.624  31.083 3.0871653557
73792  -54.194  -37.831  30.784 0.0000000000
73793  -53.924  -38.525  30.890 3.5596907139
73794  -53.933  -38.092  30.525 2.8981552124
73795  -53.170  -38.162  29.625 2.8981552124
73796  -53.170  -38.581  30.002 2.8981552124
73797  -52.648  -38.734  29.822 2.8981552124
73798  -52.092  -39.308  30.022 2.8981552124
73799  -52.044  -38.888  29.676 2.8981552124
80620  -48.645  -46.576  43.532 0.0000000000
80621  -49.119  -46.645  43.946 0.0000000000
80622  -48.797  -46.189  43.656 0.0000000000
80623  -49.072  -44.995  43.772 3.8432059288
80624  -49.248  -45.428  43.919 3.8432059288
80625  -49.513  -45.050  44.127 3.8432059288
80626  -49.947  -45.082  44.512 3.8432059288
80627  -49.754  -44.648  44.361 3.8432059288
80628  -48.300  -43.390  42.971 0.0000000000
80629  -48.538  -43.769  43.215 3.4966874123
80630  -48.690  -43.401  43.376 0.0000000000
80631  -49.810  -42.982  44.330 4.0322160721
80632  -49.569  -43.448  44.222 4.0322160721
80633  -50.001  -43.375  44.634 4.0322160721
80634  -50.219  -43.819  44.814 3.4966874123
80635  -50.437  -43.315  44.971 3.6226940155
80636  -50.948  -43.306  45.338 3.6226940155
80637  -50.767  -42.875  45.064 3.6226940155
80638  -51.105  -41.577  45.066 3.8432059288
80639  -51.384  -41.917  45.266 3.6226940155
80640  -51.632  -41.469  45.369 3.8432059288
80641  -52.165  -41.377  45.567 3.8432059288
80642  -51.852  -40.994  45.438 3.8432059288
80643  -45.867  -40.550  41.129 0.0000000000
80644  -46.295  -40.850  41.303 3.4021823406
80645  -46.332  -40.555  41.496 3.4021823406
80646  -47.177  -40.224  42.617 3.4021823406
80647  -47.139  -40.503  42.371 3.4021823406
80648  -47.606  -40.476  42.777 3.4021823406
80649  -48.022  -40.734  42.894 3.4021823406
80650  -48.096  -40.441  43.158 3.4021823406
80651  -47.545  -38.769  43.096 3.6856975555
80652  -47.368  -39.223  43.278 3.6856975555
80653  -47.903  -39.109  43.513 3.6856975555
80654  -49.280  -39.779  44.253 4.2527279854
80655  -48.724  -39.836  43.996 4.2527279854
80656  -49.161  -40.131  44.149 4.2527279854
80657  -49.086  -40.453  43.942 4.2527279854
80658  -49.609  -40.386  44.301 4.2527279854
80659  -50.051  -40.615  44.452 3.8432059288
80660  -50.151  -40.298  44.622 3.8432059288
80661  -51.516  -39.644  45.203 3.8432059288
80662  -51.325  -40.019  45.235 3.8432059288
80663  -51.918  -39.881  45.462 3.8432059288
80664  -52.295  -40.141  45.655 3.8432059288
80665  -52.489  -39.723  45.654 3.2446739674
80666  -53.033  -39.670  45.683 3.2446739674
80667  -52.693  -39.344  45.484 3.7171990871
80668  -52.829  -38.419  44.501 3.7171990871
80669  -53.202  -38.621  44.911 3.7171990871
80670  -53.446  -38.225  44.564 3.7171990871
80671  -54.014  -37.981  44.589 3.7171990871
80672  -53.729  -37.810  44.160 3.7171990871
80673  -51.563  -37.740  42.363 3.4021823406
80674  -51.893  -37.884  42.952 3.4021823406
80675  -52.176  -37.551  42.471 3.4021823406
80676  -53.617  -36.531  42.269 4.0637178421
80677  -53.358  -37.011  42.729 4.0637178421
80678  -53.966  -36.689  42.827 4.0637178421
80679  -54.294  -36.855  43.336 4.0637178421
80680  -54.483  -36.414  42.914 3.7487008572
80681  -55.005  -36.186  42.898 3.7487008572
80682  -54.681  -35.977  42.470 3.7487008572
80683  -54.832  -34.996  41.084 4.0637178421
80684  -55.156  -35.168  41.561 4.0637178421
80685  -55.423  -34.768  41.130 4.0637178421
80686  -55.895  -34.603  41.074 4.0637178421
80687  -55.568  -34.460  40.699 4.0637178421
80699  -44.120  -34.004  35.576 0.0000000000
80701  -43.956  -34.403  35.851 0.0000000000
80702  -43.784  -34.743  36.061 0.0000000000
80703  -44.342  -34.954  36.250 0.0000000000
80704  -44.676  -35.461  36.733 0.0000000000
80705  -44.882  -35.109  36.432 0.0000000000
80706  -46.251  -35.040  36.391 3.4966874123
80707  -46.058  -35.400  36.782 3.4966874123
80708  -46.614  -35.491  36.911 3.4966874123
80709  -46.966  -35.917  37.508 3.0556638241
80710  -47.179  -35.559  37.088 3.4966874123
80714  -45.573  -30.817  33.570 0.0000000000
80715  -45.051  -30.594  33.614 0.0000000000
80716  -45.377  -31.181  33.829 0.0000000000
80717  -45.154  -31.530  34.089 0.0000000000
80718  -45.709  -31.712  34.111 0.0000000000
80719  -47.796  -31.417  33.945 0.0000000000
80720  -47.222  -31.288  33.736 0.0000000000
80721  -47.590  -31.747  34.205 0.0000000000
80722  -47.643  -32.984  35.178 0.0000000000
80723  -47.237  -32.504  34.756 0.0000000000
80724  -47.081  -32.915  35.024 0.0000000000
80725  -46.486  -32.763  34.838 0.0000000000
80726  -46.897  -33.307  35.272 3.4651856422
80727  -46.751  -33.732  35.549 3.4966874123
80728  -47.308  -33.819  35.714 3.4966874123
80729  -48.697  -34.811  36.904 3.2761754990
80730  -48.136  -34.786  36.673 3.2761754990
80731  -48.532  -35.237  37.192 3.3391790390
80732  -48.331  -35.659  37.548 2.6146399975
80733  -48.907  -35.651  37.712 2.6146399975
80734  -49.265  -35.991  38.233 2.6146399975
80735  -49.433  -35.561  37.882 3.3391790390
80736  -50.712  -34.823  38.048 0.0000000000
80737  -50.630  -35.310  38.378 0.0000000000
80738  -51.164  -35.119  38.544 0.0000000000
80739  -51.597  -35.399  39.044 0.0000000000
80740  -51.705  -34.889  38.679 0.0000000000
80741  -51.464  -33.079  37.025 3.1501688957
80742  -51.232  -33.473  37.263 3.1501688957
80743  -51.840  -33.321  37.462 3.4336841106
80744  -53.241  -33.617  38.500 3.4966874123
80745  -52.652  -33.813  38.338 3.4966874123
80746  -53.040  -33.995  38.801 3.4966874123
80747  -52.859  -34.488  39.100 3.4966874123
80748  -53.403  -34.212  39.264 3.4966874123
80749  -53.770  -34.442  39.705 2.8666536808
80750  -53.981  -33.984  39.389 3.4966874123
80751  -55.339  -33.249  39.182 3.7487008572
80752  -55.106  -33.594  39.539 4.0637178421
80753  -55.643  -33.515  39.548 4.0637178421
80754  -55.923  -33.780  39.893 4.0637178421
80755  -56.159  -33.445  39.491 3.3076772690
80756  -56.679  -33.407  39.383 0.0000000000
80757  -56.390  -33.129  39.142 0.0000000000
80758  -56.621  -32.213  38.176 0.0000000000
80759  -56.910  -32.494  38.415 0.0000000000
80760  -57.181  -32.176  38.102 0.0000000000
80761  -57.754  -32.151  37.956 0.0000000000
80762  -57.461  -31.859  37.780 0.0000000000
80763  -55.198  -31.334  36.879 3.1186671257
80764  -55.557  -31.534  37.298 3.7802026272
80765  -55.810  -31.223  36.996 3.1186671257
80766  -57.158  -30.795  36.629 2.9926602840
80767  -56.977  -31.056  37.015 2.9926602840
80768  -57.588  -30.991  36.939 2.9926602840
80769  -57.999  -31.231  37.186 2.9926602840
80770  -58.179  -30.943  36.720 2.9926602840
80771  -58.697  -30.954  36.494 0.0000000000
80772  -58.319  -30.685  36.312 2.9926602840
80773  -57.950  -30.080  35.280 0.0000000000
80774  -58.388  -30.259  35.459 2.9926602840
80775  -58.410  -30.115  34.994 0.0000000000
80776  -58.873  -30.177  34.693 0.0000000000
80777  -58.392  -30.003  34.545 0.0000000000
80778  -51.616  -29.319  33.163 0.0000000000
80779  -52.050  -29.657  33.626 0.0000000000
80780  -52.204  -29.377  33.373 0.0000000000
80781  -53.437  -29.087  33.476 0.0000000000
80782  -53.338  -29.370  33.768 0.0000000000
80783  -53.891  -29.368  33.916 0.0000000000
80784  -54.362  -29.594  34.361 3.3706805706
80785  -54.487  -29.339  34.031 0.0000000000
80789  -55.673  -28.799  33.334 0.0000000000
80790  -55.125  -28.790  33.401 0.0000000000
80791  -55.589  -29.060  33.761 0.0000000000
80792  -55.530  -29.356  34.141 0.0000000000
80793  -56.079  -29.310  34.104 0.0000000000
80794  -56.574  -29.516  34.444 0.0000000000
80795  -56.619  -29.295  33.993 3.7802026272
80796  -57.438  -29.245  33.045 0.0000000000
80797  -57.488  -29.397  33.541 0.0000000000
80798  -57.848  -29.505  33.261 0.0000000000
80799  -58.286  -29.735  33.470 0.0000000000
80800  -58.167  -29.597  32.923 0.0000000000
80801  -58.513  -29.720  32.580 0.0000000000
80802  -58.079  -29.435  32.417 0.0000000000
81797  -42.700  -44.325  39.096 0.0000000000
81798  -43.787  -43.405  39.887 0.0000000000
81799  -43.424  -43.440  39.736 0.0000000000
81800  -43.749  -43.835  39.847 2.6776435375
81801  -43.929  -45.010  39.708 0.0000000000
81802  -43.615  -44.666  39.692 2.6776435375
81803  -43.637  -45.026  39.429 2.6776435375
81804  -43.371  -45.021  39.156 0.0000000000
81805  -43.684  -45.455  39.184 2.6776435375
81820  -46.097  -44.976  41.268 3.2446739674
81821  -46.005  -45.469  41.157 0.0000000000
81822  -46.317  -45.392  41.411 3.2446739674
81823  -47.005  -46.143  42.060 0.0000000000
81824  -46.736  -46.213  41.801 0.0000000000
81825  -46.955  -46.692  42.041 0.0000000000
81827  -47.213  -47.153  42.272 0.0000000000
81829  -47.492  -47.025  42.582 0.0000000000
81830  -48.089  -46.249  43.037 0.0000000000
81831  -48.068  -46.778  43.046 0.0000000000
81832  -48.382  -46.693  43.297 0.0000000000
85477  -50.040  -46.808  44.618 0.0000000000
85479  -50.473  -46.998  44.864 0.0000000000
85480  -51.408  -46.902  45.135 0.0000000000
85481  -51.234  -47.358  45.080 0.0000000000
85485  -52.351  -44.962  45.535 3.4966874123
85486  -52.096  -45.475  45.430 3.4966874123
85487  -52.443  -45.570  45.255 3.4966874123
85489  -52.374  -46.549  44.441 0.0000000000
85500  -54.600  -41.401  45.306 2.7721486092
85501  -54.345  -41.809  45.362 2.9296569824
85502  -54.627  -42.017  45.009 0.0000000000
85503  -54.860  -43.394  43.805 0.0000000000
85504  -54.664  -43.248  44.337 0.0000000000
85505  -54.684  -43.833  43.921 0.0000000000
85506  -54.433  -44.232  43.918 0.0000000000
85507  -54.621  -44.401  43.352 0.0000000000
85545  -58.156  -34.521  39.780 4.1582226753
85546  -57.953  -34.780  40.285 4.1582226753
85547  -58.142  -34.995  39.927 4.1582226753
85548  -57.770  -36.326  39.334 2.9296569824
85549  -57.861  -36.062  39.854 2.9296569824
85550  -57.537  -36.705  39.748 2.9296569824
85551  -57.305  -37.096  40.171 2.9296569824
85552  -57.257  -37.322  39.640 2.9296569824
85553  -57.389  -37.328  37.418 0.0000000000
85554  -57.491  -37.065  37.842 0.0000000000
85555  -57.243  -37.748  37.726 2.7091450691
85556  -56.972  -39.237  38.206 2.7091450691
85557  -57.014  -38.567  38.431 2.7091450691
85558  -56.921  -38.941  38.731 2.7091450691
85559  -56.913  -38.670  39.286 3.4966874123
85560  -56.803  -39.333  38.981 2.7091450691
85561  -56.683  -39.754  39.270 0.0000000000
85562  -56.791  -40.012  38.711 0.0000000000
85563  -57.041  -41.409  37.832 0.0000000000
85564  -56.901  -41.228  38.240 0.0000000000
85565  -56.867  -41.822  37.999 0.0000000000
85568  -56.341  -39.321  34.585 3.4021823406
85569  -56.613  -39.151  34.889 3.1501688957
85570  -56.589  -39.674  34.842 0.0000000000
85571  -57.110  -40.803  35.224 0.0000000000
85572  -57.087  -40.311  35.378 0.0000000000
85573  -57.306  -40.601  35.592 0.0000000000
85574  -57.401  -40.417  35.984 0.0000000000
85575  -57.501  -40.958  35.827 0.0000000000
85726  -59.249  -33.061  26.351 0.0000000000
85727  -58.597  -33.215  26.009 0.0000000000
85728  -56.161  -34.220  26.491 0.0000000000
85729  -56.762  -34.013  26.799 2.5516366959
85730  -55.935  -34.576  27.110 0.0000000000
85731  -55.668  -34.917  27.710 0.0000000000
85732  -55.129  -35.187  27.413 0.0000000000
85736  -52.432  -36.277  27.476 0.0000000000
85737  -53.159  -35.818  27.161 0.0000000000
85738  -53.096  -36.268  27.608 0.0000000000
85739  -53.757  -36.223  27.834 0.0000000000
85740  -53.075  -36.659  28.037 0.0000000000
85741  -53.065  -36.991  28.429 0.0000000000
85742  -52.455  -37.120  28.223 0.0000000000
85743  -50.733  -38.287  28.467 0.0000000000
85744  -51.314  -38.164  28.650 0.0000000000
85745  -50.820  -38.755  28.897 0.0000000000
85746  -50.943  -39.229  29.263 0.0000000000
93154  -56.489  -35.013  41.822 4.2527279854
93155  -56.679  -35.404  42.177 3.1186671257
93156  -56.935  -35.096  41.729 3.6856975555
93157  -57.287  -35.235  41.555 3.6856975555
93158  -57.552  -35.406  41.291 2.9296569824
93159  -52.289  -40.074  30.706 3.2446739674
93160  -52.418  -40.475  31.016 3.2446739674
93161  -51.918  -40.700  30.815 0.0000000000
93162  -51.707  -41.340  30.780 0.0000000000
93163  -51.565  -41.963  30.641 0.0000000000
93164  -51.509  -42.590  30.420 0.0000000000
93165  -51.218  -42.207  30.289 0.0000000000
94234  -59.766  -30.557  35.006 0.0000000000
94235  -60.148  -30.881  35.276 0.0000000000
94236  -60.164  -30.678  34.760 0.0000000000
94243  -59.688  -33.284  29.051 0.0000000000
94244  -58.893  -33.517  29.223 0.0000000000
94245  -59.301  -33.330  28.644 0.0000000000
94246  -58.871  -33.395  28.283 0.0000000000
94247  -58.376  -33.482  27.946 0.0000000000
95614  -46.563  -42.598  41.437 3.4966874123
95615  -46.930  -42.591  41.809 3.4966874123
95616  -46.700  -42.210  41.570 3.4966874123
95617  -46.859  -41.864  41.700 3.4966874123
95618  -47.010  -41.511  41.839 3.4021823406
95619  -47.421  -37.273  40.228 3.4651856422
95620  -47.702  -37.521  40.921 0.0000000000
95621  -47.990  -37.308  40.423 3.8117041588
95622  -48.588  -37.366  40.605 3.8117041588
95623  -49.239  -37.396  40.800 3.8117041588
95624  -49.822  -37.409  40.931 3.8117041588
95625  -49.520  -37.146  40.307 3.8117041588
95626  -49.795  -36.867  39.812 3.8117041588
95627  -50.032  -36.546  39.371 3.3706805706
95633  -49.547  -30.251  33.560 2.8036501408
95634  -49.380  -30.678  33.800 2.8036501408
95635  -49.955  -30.685  33.992 0.0000000000
95636  -50.432  -31.092  34.476 0.0000000000
95637  -50.811  -31.459  34.951 0.0000000000
95638  -51.188  -31.795  35.435 3.1501688957
95639  -51.380  -31.443  35.149 0.0000000000
95640  -51.981  -31.413  35.314 3.3076772690
95641  -52.559  -31.300  35.461 3.3076772690
95642  -53.185  -31.187  35.660 3.3076772690
95643  -52.718  -30.921  35.227 0.0000000000
95644  -52.849  -30.583  34.955 0.0000000000
95645  -52.937  -30.258  34.640 0.0000000000
95848  -44.688  -41.810  40.060 0.0000000000
95849  -44.675  -42.318  40.152 0.0000000000
95850  -45.031  -42.206  40.352 0.0000000000
95851  -45.299  -42.612  40.566 0.0000000000
95852  -45.554  -43.005  40.768 0.0000000000
95853  -45.791  -43.383  40.951 0.0000000000
95854  -45.874  -42.886  40.958 0.0000000000
95855  -46.211  -42.800  41.216 2.9296569824
96583  -52.674  -42.172  45.826 3.4651856422
96584  -52.783  -42.763  45.816 2.9296569824
96585  -53.107  -42.247  45.797 2.9296569824
96586  -53.480  -42.429  45.640 2.9296569824
96587  -53.798  -42.634  45.452 2.9296569824
96597  -57.809  -36.737  35.485 3.4021823406
96598  -57.675  -37.081  35.894 3.4021823406
96599  -57.516  -37.388  35.488 3.4021823406
96600  -57.291  -38.112  35.523 3.1501688957
96601  -57.170  -38.804  35.541 3.1501688957
99934  -43.693  -39.975  39.649 0.0000000000
99935  -44.114  -39.995  39.954 0.0000000000
99936  -43.665  -39.698  39.783 0.0000000000
99937  -43.634  -39.429  39.964 0.0000000000
99938  -43.609  -39.080  40.140 0.0000000000
99939  -42.872  -36.985  38.062 0.0000000000
99940  -43.072  -37.358  38.839 0.0000000000
99941  -43.375  -37.021  38.424 0.0000000000
99942  -43.927  -37.093  38.691 0.0000000000
99943  -44.457  -37.146  38.994 0.0000000000
99944  -45.027  -37.205  39.272 0.0000000000
99945  -44.772  -36.858  38.542 0.0000000000
99946  -45.074  -36.589  38.146 0.0000000000
99947  -45.341  -36.301  37.803 0.0000000000
99958  -47.958  -28.198  32.520 0.0000000000
100172  -42.734  -40.203  39.005 0.0000000000
100173  -43.189  -40.502  39.166 0.0000000000
100174  -43.067  -40.141  39.187 0.0000000000
100175  -43.409  -40.048  39.419 0.0000000000
100903  -54.648  -38.529  44.955 3.8747076988
100904  -54.824  -39.140  45.084 3.8747076988
100905  -55.048  -38.626  44.796 3.8747076988
100906  -55.403  -38.756  44.518 3.8747076988
100907  -55.714  -38.903  44.197 3.8747076988
100908  -56.728  -37.854  42.479 2.9296569824
100909  -56.523  -38.348  42.778 3.4651856422
100910  -56.617  -38.593  42.279 3.4651856422
100911  -56.526  -39.283  41.976 3.4651856422
100912  -56.424  -39.940  41.658 0.0000000000
100913  -56.367  -40.618  41.331 0.0000000000
100914  -56.442  -40.154  41.038 0.0000000000
100915  -56.450  -40.371  40.455 0.0000000000
100916  -56.523  -40.605  39.891 0.0000000000
100917  -55.098  -38.339  32.929 3.4021823406
100918  -55.255  -38.782  33.290 3.4021823406
100919  -54.918  -38.955  32.989 3.4021823406
100920  -54.929  -39.535  33.018 3.4021823406
100921  -54.929  -40.146  33.019 2.8981552124
100922  -53.328  -42.014  31.998 0.0000000000
100923  -53.745  -41.800  32.313 0.0000000000
100924  -53.655  -42.426  32.112 0.0000000000
100925  -53.991  -42.838  32.152 0.0000000000
104143  -58.211  -32.761  38.246 0.0000000000
104144  -58.385  -33.203  38.471 0.0000000000
104145  -58.627  -32.868  38.103 0.0000000000
104152  -59.646  -34.295  35.677 0.0000000000
104153  -59.226  -34.753  35.562 0.0000000000
104154  -59.526  -34.542  35.150 0.0000000000
104155  -59.282  -34.773  34.731 0.0000000000
104156  -59.024  -34.934  34.351 0.0000000000
104162  -60.075  -33.426  31.286 0.0000000000
104164  -59.742  -33.614  31.742 0.0000000000
104165  -59.378  -33.948  32.162 0.0000000000
104166  -59.078  -34.241  32.561 0.0000000000
104167  -58.846  -34.572  32.927 0.0000000000
104168  -58.401  -34.701  32.579 0.0000000000
104169  -57.813  -35.164  32.503 2.8981552124
104170  -57.261  -35.580  32.500 2.8981552124
104171  -56.778  -36.026  32.475 2.7091450691
104172  -56.858  -35.698  32.173 2.8981552124
104173  -56.459  -35.842  31.823 2.7091450691
104174  -56.078  -35.957  31.485 3.0871653557
104175  -55.734  -35.224  29.725 0.0000000000
104176  -55.589  -35.545  30.102 0.0000000000
104177  -55.165  -35.833  29.769 0.0000000000
104178  -54.655  -36.449  29.836 0.0000000000
104179  -54.290  -37.013  29.964 0.0000000000
104180  -53.954  -37.670  30.106 3.0556638241
104181  -53.985  -37.294  29.732 3.0556638241
104182  -53.644  -37.572  29.506 3.0556638241
104183  -53.154  -37.772  29.259 3.0556638241
108277  -48.157  -45.692  43.074 3.4966874123
108278  -48.557  -45.719  43.463 0.0000000000
108279  -48.387  -45.332  43.255 3.4966874123
108280  -48.652  -44.984  43.436 3.8432059288
108281  -48.927  -44.636  43.618 3.8432059288
108282  -48.692  -42.620  43.232 0.0000000000
108283  -48.906  -43.016  43.500 4.0322160721
108284  -49.178  -42.607  43.610 4.0322160721
108285  -49.630  -42.597  44.036 4.0322160721
108286  -50.091  -42.489  44.378 4.0322160721
108287  -50.570  -42.494  44.837 3.6226940155
108288  -50.354  -42.143  44.626 3.6226940155
108289  -50.592  -41.688  44.742 3.6226940155
108290  -50.800  -41.221  44.857 3.8432059288
108291  -45.834  -40.044  41.554 3.3391790390
108292  -46.253  -40.291  41.779 3.4021823406
108293  -46.328  -40.015  41.929 3.4021823406
108294  -46.748  -39.970  42.417 3.4021823406
108295  -47.214  -39.925  42.885 3.4021823406
108296  -48.706  -38.676  43.487 2.7091450691
108297  -48.455  -39.032  43.765 4.1267209053
108298  -49.052  -39.030  43.883 4.1267209053
108299  -49.441  -39.386  44.195 4.1267209053
108300  -49.871  -39.711  44.440 4.2527279854
108301  -50.289  -39.946  44.687 3.8432059288
108302  -50.464  -39.558  44.664 3.4336841106
108303  -51.081  -39.424  44.869 3.4336841106
108304  -51.688  -39.240  45.020 3.4336841106
108305  -52.292  -39.051  45.127 3.7171990871
108306  -51.877  -38.855  44.741 3.4336841106
108307  -52.175  -38.562  44.480 3.4336841106
108308  -52.513  -38.204  44.070 3.7171990871
108309  -52.109  -37.001  41.444 4.4102363586
108310  -52.438  -37.166  42.027 4.0637178421
108311  -52.677  -36.729  41.587 4.0637178421
108312  -53.260  -36.400  41.712 4.0637178421
108313  -53.819  -36.105  41.856 4.0637178421
108314  -54.377  -35.773  41.968 3.7487008572
108315  -54.035  -35.633  41.412 3.0241620541
108316  -54.260  -35.210  40.997 2.8666536808
108317  -54.481  -34.810  40.607 4.0637178421
108325  -43.932  -33.058  35.023 0.0000000000
108326  -44.296  -33.609  35.326 0.0000000000
108327  -44.668  -34.181  35.706 0.0000000000
108328  -45.044  -34.734  36.125 0.0000000000
108329  -45.215  -34.335  35.833 0.0000000000
108330  -45.830  -34.503  35.930 0.0000000000
108331  -46.386  -34.643  36.085 3.4966874123
108332  -45.148  -29.229  33.136 0.0000000000
108333  -44.959  -29.619  33.276 0.0000000000
108334  -45.436  -29.827  33.186 0.0000000000
108335  -45.744  -30.393  33.320 0.0000000000
108336  -46.091  -30.944  33.524 0.0000000000
108337  -48.590  -32.209  34.836 3.1816704273
108338  -47.990  -32.162  34.664 3.1816704273
108339  -48.402  -32.594  35.142 3.1816704273
108340  -48.195  -33.030  35.390 3.8117041588
108341  -48.056  -33.426  35.663 3.8117041588
108342  -47.873  -33.889  35.919 3.4966874123
108343  -48.441  -33.869  36.118 3.2761754990
108344  -48.820  -34.323  36.588 3.2761754990
108345  -49.232  -34.730  37.129 3.2761754990
108346  -49.641  -35.128  37.672 3.3391790390
108347  -49.807  -34.659  37.420 3.3391790390
108348  -50.301  -34.513  37.589 0.0000000000
108349  -50.874  -34.359  37.747 0.0000000000
108350  -52.683  -32.796  37.321 3.4966874123
108351  -52.478  -33.178  37.645 3.4021823406
108352  -53.088  -33.023  37.800 3.4021823406
108353  -53.450  -33.241  38.225 3.4021823406
108354  -53.812  -33.406  38.649 3.4021823406
108355  -54.186  -33.557  39.079 3.3076772690
108356  -54.378  -33.205  38.786 3.7487008572
108357  -55.000  -33.036  38.830 3.7487008572
108358  -55.568  -32.925  38.850 3.7487008572
108359  -56.096  -32.847  38.872 3.7487008572
108360  -55.790  -32.619  38.522 3.7487008572
108361  -56.029  -32.289  38.195 3.7487008572
108362  -56.302  -31.955  37.906 0.0000000000
108363  -55.569  -30.740  36.242 3.1186671257
108364  -55.995  -30.923  36.662 3.1186671257
108365  -56.151  -30.666  36.286 3.1186671257
108366  -56.747  -30.599  36.299 2.9926602840
108367  -57.286  -30.540  36.230 2.9926602840
108368  -57.824  -30.452  36.112 2.9926602840
108369  -57.382  -30.273  35.841 2.9926602840
108370  -57.463  -30.071  35.488 2.9926602840
108371  -57.511  -29.928  35.014 0.0000000000
108373  -52.326  -29.034  33.120 0.0000000000
108376  -53.576  -28.783  33.208 0.0000000000
108380  -55.710  -28.497  32.941 0.0000000000
108381  -56.202  -28.778  33.236 0.0000000000
108382  -56.654  -29.068  33.535 3.7802026272
108383  -56.630  -28.820  33.042 0.0000000000
108384  -57.007  -28.926  32.816 0.0000000000
108385  -57.368  -29.057  32.525 0.0000000000
108386  -57.654  -29.144  32.239 0.0000000000
108387  -57.207  -28.823  32.062 0.0000000000
108983  -42.740  -43.487  39.409 0.0000000000
108984  -44.328  -44.129  40.162 0.0000000000
108985  -43.998  -44.175  39.968 0.0000000000
108986  -44.247  -44.523  40.089 0.0000000000
108987  -44.265  -44.953  39.920 0.0000000000
108988  -44.251  -45.383  39.749 0.0000000000
108997  -46.747  -44.846  41.779 3.2446739674
108998  -46.640  -45.321  41.678 3.2446739674
108999  -46.932  -45.246  41.938 3.2446739674
109000  -47.113  -45.636  42.097 3.2446739674
109001  -47.291  -46.016  42.264 0.0000000000
109002  -47.496  -46.445  42.527 0.0000000000
109003  -47.580  -45.914  42.503 0.0000000000
109004  -47.876  -45.856  42.825 0.0000000000
111190  -50.433  -45.953  44.805 0.0000000000
111191  -50.659  -46.551  44.902 0.0000000000
111192  -50.828  -46.093  45.026 0.0000000000
111193  -51.222  -46.284  45.156 0.0000000000
111194  -51.583  -46.395  45.234 0.0000000000
111195  -53.053  -45.165  45.061 0.0000000000
111196  -52.750  -45.610  44.967 0.0000000000
111197  -53.008  -45.680  44.586 0.0000000000
111204  -55.113  -41.722  44.536 0.0000000000
111205  -54.868  -42.180  44.616 0.0000000000
111206  -55.082  -42.358  44.121 0.0000000000
111207  -55.044  -42.975  43.721 0.0000000000
111208  -55.026  -43.601  43.246 0.0000000000
111231  -58.551  -34.890  39.079 0.0000000000
111232  -58.280  -35.179  39.532 4.1582226753
111233  -58.276  -35.443  39.016 0.0000000000
111234  -57.982  -36.005  38.916 0.0000000000
111235  -57.667  -36.578  38.835 0.0000000000
111236  -57.194  -38.835  37.220 2.7091450691
111237  -57.132  -38.504  37.648 2.7091450691
111238  -57.120  -39.161  37.508 2.7091450691
111239  -57.064  -39.528  37.768 2.7091450691
111240  -57.007  -39.939  38.005 0.0000000000
111241  -56.947  -40.339  38.217 0.0000000000
111242  -57.072  -40.496  37.827 0.0000000000
111243  -57.135  -41.052  37.641 0.0000000000
111244  -57.204  -41.605  37.439 0.0000000000
111245  -56.378  -40.363  34.449 2.8981552124
111246  -56.627  -40.176  34.793 0.0000000000
111247  -56.656  -40.697  34.664 0.0000000000
111248  -56.933  -41.025  34.865 0.0000000000
111249  -57.216  -41.373  35.036 0.0000000000
111339  -58.266  -33.083  25.031 0.0000000000
111340  -57.954  -33.359  25.710 0.0000000000
111341  -57.329  -33.443  25.482 0.0000000000
111342  -56.400  -33.851  25.891 0.0000000000
111343  -55.535  -34.319  26.253 0.0000000000
111349  -51.806  -37.206  28.074 0.0000000000
116768  -42.201  -38.493  39.144 0.0000000000
117520  -55.602  -36.684  43.493 3.7487008572
117521  -55.728  -37.178  43.765 3.4336841106
117522  -55.945  -36.730  43.411 3.7487008572
117523  -56.280  -36.803  43.202 3.7487008572
117524  -56.533  -36.989  42.961 3.7487008572
117525  -56.765  -35.947  42.401 3.1186671257
117526  -56.764  -36.550  42.538 3.1186671257
117527  -56.747  -37.185  42.621 3.1186671257
117528  -56.914  -37.404  42.114 2.9296569824
117529  -56.977  -37.685  41.578 2.9296569824
117530  -57.034  -37.944  40.984 3.4966874123
117531  -54.040  -39.239  31.680 3.5596907139
117532  -54.160  -39.590  32.034 3.5596907139
117533  -53.818  -39.845  31.717 3.2446739674
117534  -53.546  -40.462  31.758 3.2446739674
117535  -53.237  -41.026  31.854 3.2446739674
117536  -52.568  -40.849  31.302 3.2446739674
117537  -52.762  -41.217  31.562 3.2446739674
117538  -53.029  -41.606  31.804 3.2446739674
117539  -52.896  -42.220  31.659 0.0000000000
117540  -52.818  -42.881  31.394 0.0000000000
120040  -59.311  -31.550  36.853 0.0000000000
120042  -59.706  -31.667  36.663 0.0000000000
120058  -60.454  -33.234  30.806 0.0000000000
120059  -59.669  -33.526  30.889 0.0000000000
120060  -58.907  -33.876  30.958 0.0000000000
120061  -58.180  -34.281  31.063 2.8981552124
120062  -57.503  -34.680  31.142 2.8981552124
120063  -57.778  -34.357  30.709 3.0871653557
120064  -57.332  -34.414  30.355 3.0871653557
120065  -56.866  -34.511  30.019 3.0871653557
120066  -58.034  -33.836  29.411 3.0871653557
120067  -57.150  -34.209  29.587 3.0871653557
120068  -56.399  -34.663  29.707 3.0871653557
120069  -55.956  -34.895  29.322 0.0000000000
120070  -55.551  -35.195  28.943 0.0000000000
120071  -55.141  -35.551  28.681 0.0000000000
123256  -47.580  -44.106  42.351 3.2446739674
123257  -47.994  -44.087  42.689 3.2446739674
123258  -47.782  -43.688  42.496 3.4966874123
123259  -47.924  -43.326  42.632 3.4966874123
123260  -48.064  -42.987  42.724 0.0000000000
123261  -47.347  -42.604  42.184 3.4966874123
123262  -47.812  -42.610  42.497 3.4966874123
123263  -48.294  -42.615  42.811 0.0000000000
123264  -48.459  -42.242  42.979 0.0000000000
123265  -48.592  -41.849  43.141 0.0000000000
123266  -48.742  -41.445  43.320 3.4021823406
123267  -46.166  -38.636  41.902 3.6856975555
123268  -46.518  -39.005  42.413 3.6856975555
123269  -46.712  -38.562  42.284 3.6856975555
123270  -47.242  -38.462  42.572 3.6856975555
123271  -47.818  -38.370  42.741 3.6856975555
123272  -47.932  -37.792  41.560 3.6856975555
123273  -48.164  -38.072  42.262 2.7091450691
123274  -48.410  -38.359  42.958 2.7091450691
123275  -49.024  -38.412  43.075 2.7091450691
123276  -49.607  -38.425  43.124 2.7091450691
123277  -50.214  -38.411  43.189 3.4021823406
123278  -50.836  -38.332  43.288 3.4021823406
123279  -50.557  -38.137  42.733 3.4021823406
123280  -50.918  -37.863  42.260 3.4021823406
123281  -51.235  -37.584  41.763 3.4021823406
123282  -50.447  -37.366  41.060 3.3706805706
123283  -50.975  -37.314  41.175 3.3706805706
123284  -51.522  -37.218  41.254 3.3706805706
123285  -51.766  -36.810  40.857 3.3706805706
123286  -52.054  -36.361  40.422 3.3706805706
123287  -52.295  -35.895  40.082 3.0241620541
123297  -44.298  -32.216  34.635 0.0000000000
123298  -44.839  -32.411  34.654 0.0000000000
123299  -47.198  -29.989  32.936 0.0000000000
123300  -47.013  -30.437  33.133 0.0000000000
123301  -47.597  -30.525  33.217 0.0000000000
123302  -48.010  -31.022  33.642 2.8036501408
123303  -48.411  -31.457  34.113 2.8036501408
123304  -49.212  -31.073  34.098 2.8036501408
123305  -48.967  -31.486  34.377 2.8036501408
123306  -48.783  -31.821  34.583 3.1816704273
123307  -49.158  -32.191  35.037 3.1816704273
123308  -49.571  -32.581  35.580 3.8117041588
123309  -49.961  -32.947  36.109 3.1501688957
123310  -50.315  -33.288  36.609 3.1501688957
123311  -50.546  -32.861  36.325 3.1501688957
123312  -51.127  -32.795  36.526 3.1501688957
123313  -51.719  -32.730  36.701 3.1501688957
123314  -51.569  -32.090  35.916 3.1501688957
123315  -51.969  -32.374  36.374 3.1501688957
123316  -52.326  -32.596  36.852 3.4966874123
123317  -52.982  -32.493  37.088 3.4966874123
123318  -53.559  -32.309  37.174 3.4966874123
123319  -54.129  -32.154  37.316 3.7802026272
123320  -54.725  -31.989  37.451 3.7487008572
123321  -54.359  -31.809  36.985 3.7802026272
123322  -54.611  -31.445  36.682 3.7802026272
123323  -54.793  -31.127  36.410 3.1186671257
123324  -53.737  -31.065  35.804 3.3076772690
123325  -54.339  -30.960  35.957 3.1186671257
123326  -54.984  -30.845  36.108 3.1186671257
123327  -55.126  -30.554  35.824 3.1186671257
123328  -55.249  -30.252  35.543 3.1186671257
123329  -55.350  -29.974  35.221 3.3706805706
123802  -43.282  -42.074  39.349 0.0000000000
123803  -43.251  -42.550  39.503 0.0000000000
123804  -43.598  -42.496  39.636 0.0000000000
123805  -43.881  -42.943  39.873 0.0000000000
123806  -44.157  -43.356  40.022 0.0000000000
123807  -44.610  -42.836  40.204 0.0000000000
123808  -44.547  -43.339  40.201 0.0000000000
123809  -44.431  -43.736  40.166 0.0000000000
123810  -44.697  -44.082  40.332 0.0000000000
123811  -44.932  -44.414  40.526 0.0000000000
123812  -45.182  -44.757  40.686 0.0000000000
123813  -45.443  -45.120  40.818 0.0000000000
123814  -45.537  -44.653  40.863 0.0000000000
123815  -45.874  -44.570  41.118 0.0000000000
123816  -46.234  -44.523  41.361 3.2446739674
123817  -46.060  -43.746  41.126 2.9296569824
123818  -46.328  -44.120  41.356 3.2446739674
123819  -46.571  -44.492  41.590 3.2446739674
123820  -46.875  -44.408  41.821 3.2446739674
123821  -47.204  -44.294  42.065 3.2446739674
125521  -51.408  -44.147  45.663 3.4966874123
125522  -51.580  -44.749  45.598 3.4966874123
125523  -51.817  -44.231  45.789 3.1816704273
125524  -52.238  -44.341  45.749 3.4966874123
125525  -52.633  -44.473  45.685 0.0000000000
125526  -52.876  -43.343  45.763 2.9296569824
125527  -52.947  -43.968  45.663 0.0000000000
125528  -53.033  -44.599  45.435 0.0000000000
125529  -53.392  -44.685  45.082 0.0000000000
125530  -53.676  -44.763  44.605 0.0000000000
125531  -53.891  -44.874  44.059 0.0000000000
125532  -55.760  -42.360  42.200 0.0000000000
125533  -55.616  -42.895  42.451 0.0000000000
125553  -58.305  -35.799  37.146 0.0000000000
125554  -58.092  -36.081  37.513 0.0000000000
125555  -57.985  -36.324  37.085 3.4021823406
125556  -57.638  -37.006  37.037 3.4021823406
125557  -57.393  -37.688  36.982 2.7091450691
125558  -57.530  -37.507  36.262 3.4021823406
125559  -57.397  -37.971  36.592 3.1501688957
125560  -57.268  -38.429  36.917 3.1501688957
125561  -57.243  -39.103  36.825 3.1501688957
125562  -57.300  -39.661  36.714 3.1501688957
125563  -57.349  -40.136  36.661 0.0000000000
125564  -56.456  -42.613  33.510 0.0000000000
125565  -56.851  -42.433  33.945 0.0000000000
132889  -45.382  -41.165  40.472 0.0000000000
132890  -45.816  -41.151  40.824 0.0000000000
132891  -45.458  -40.840  40.529 0.0000000000
132892  -45.451  -40.544  40.713 0.0000000000
132893  -45.431  -40.253  40.922 0.0000000000
132894  -44.537  -40.020  40.321 0.0000000000
132895  -44.990  -39.974  40.703 0.0000000000
132896  -45.438  -39.984  41.092 0.0000000000
132897  -45.443  -39.732  41.353 0.0000000000
132898  -45.464  -39.472  41.492 0.0000000000
132899  -45.529  -39.126  41.585 3.5911924839
132900  -42.692  -38.598  39.459 0.0000000000
132901  -43.154  -38.644  39.856 0.0000000000
132902  -43.622  -38.661  40.246 0.0000000000
132903  -43.363  -37.816  39.609 0.0000000000
132904  -43.709  -38.289  40.235 0.0000000000
132905  -44.108  -38.763  40.673 0.0000000000
132906  -44.600  -38.760  40.943 0.0000000000
132907  -45.108  -38.756  41.286 0.0000000000
132908  -45.653  -38.695  41.554 3.5911924839
132909  -45.864  -38.258  41.331 0.0000000000
132910  -46.136  -37.826  40.900 0.0000000000
132911  -46.506  -37.486  40.477 3.4651856422
132912  -45.624  -37.209  39.486 0.0000000000
132913  -46.205  -37.179  39.728 3.4651856422
132914  -46.796  -37.205  39.951 3.4651856422
132915  -47.117  -37.032  39.585 3.4651856422
132916  -47.408  -36.842  39.158 3.0556638241
132917  -47.682  -36.634  38.722 3.0556638241
132928  -46.327  -29.283  32.776 0.0000000000
132936  -46.517  -28.791  32.737 0.0000000000
132937  -46.837  -29.393  32.777 0.0000000000
132938  -47.395  -29.515  32.805 0.0000000000
132939  -48.007  -29.659  32.918 0.0000000000
132940  -48.588  -29.764  33.030 0.0000000000
132941  -48.364  -28.767  32.645 0.0000000000
132942  -48.769  -29.274  32.851 0.0000000000
132943  -49.164  -29.800  33.174 0.0000000000
132944  -49.690  -29.837  33.332 2.8036501408
132945  -50.271  -29.907  33.467 0.0000000000
132946  -50.808  -29.923  33.608 0.0000000000
132947  -51.350  -29.974  33.765 0.0000000000
132948  -50.942  -29.590  33.316 0.0000000000
132949  -51.052  -29.241  33.019 0.0000000000
132950  -51.202  -28.929  32.788 0.0000000000
133392  -42.942  -41.680  39.075 0.0000000000
133393  -43.292  -41.584  39.181 0.0000000000
133394  -43.660  -41.548  39.366 0.0000000000
133395  -44.005  -41.507  39.583 0.0000000000
133396  -43.610  -40.798  39.334 0.0000000000
133397  -43.978  -41.070  39.528 0.0000000000
133398  -44.337  -41.425  39.782 0.0000000000
133399  -44.678  -41.314  39.994 0.0000000000
133400  -45.079  -41.247  40.189 0.0000000000
134938  -53.658  -40.393  45.786 3.2446739674
134939  -53.806  -40.948  45.731 3.2446739674
134940  -54.065  -40.552  45.646 3.2446739674
134941  -54.463  -40.755  45.439 3.2446739674
134942  -54.814  -40.954  45.178 2.7721486092
134943  -54.939  -39.797  45.094 2.7721486092
134944  -55.000  -40.456  45.022 2.7721486092
134945  -55.077  -41.108  44.813 2.7721486092
134946  -55.333  -41.252  44.356 2.7721486092
134947  -55.541  -41.399  43.732 2.7721486092
134948  -55.699  -41.539  43.156 0.0000000000
134949  -55.812  -37.742  43.882 3.8747076988
134950  -55.884  -38.373  43.955 3.8747076988
134951  -55.954  -39.099  43.803 3.8747076988
134952  -56.317  -38.839  43.036 3.4651856422
134953  -56.136  -39.290  43.310 3.4651856422
134954  -56.002  -39.779  43.581 0.0000000000
134955  -56.009  -40.415  43.288 0.0000000000
134956  -55.934  -41.078  42.961 0.0000000000
134957  -55.834  -41.712  42.571 0.0000000000
134958  -55.921  -41.867  41.986 0.0000000000
134961  -56.252  -41.228  40.982 0.0000000000
134962  -56.184  -41.815  40.630 0.0000000000
134967  -56.556  -37.596  34.090 3.2131721973
134968  -56.607  -38.072  34.521 0.0000000000
134969  -56.261  -38.271  34.212 3.4021823406
134970  -56.084  -38.936  34.255 3.4021823406
134971  -56.033  -39.448  34.253 3.4021823406
134972  -55.474  -39.199  33.637 3.4021823406
134973  -55.737  -39.606  33.962 3.4021823406
134974  -56.069  -40.003  34.216 2.8981552124
134975  -56.117  -40.563  34.136 2.8981552124
134976  -56.134  -41.158  33.949 2.8981552124
134977  -56.128  -41.751  33.765 0.0000000000
134978  -54.369  -39.934  32.396 0.0000000000
134979  -54.583  -40.338  32.709 0.0000000000
134980  -54.831  -40.759  32.989 2.8981552124
134981  -54.192  -41.583  32.611 0.0000000000
134982  -54.635  -41.392  32.918 2.8981552124
134983  -55.112  -41.177  33.212 2.8981552124
134984  -55.388  -41.523  33.351 2.8981552124
134985  -55.707  -41.934  33.434 0.0000000000
134986  -56.066  -42.287  33.478 0.0000000000
134987  -56.033  -42.841  33.157 0.0000000000
141637  -57.268  -33.890  39.903 4.1582226753
141638  -57.463  -34.223  40.262 4.1582226753
141639  -57.723  -33.976  39.778 4.1582226753
141640  -58.087  -34.106  39.559 4.1582226753
141641  -58.383  -34.252  39.251 0.0000000000
141642  -58.520  -33.621  38.654 0.0000000000
141643  -58.605  -34.017  38.827 0.0000000000
141644  -58.640  -34.430  38.956 0.0000000000
141645  -58.735  -34.652  38.588 0.0000000000
141646  -58.708  -34.878  38.110 0.0000000000
141647  -58.677  -35.087  37.645 0.0000000000
141654  -59.260  -34.355  37.358 0.0000000000
141655  -58.943  -34.823  37.268 0.0000000000
141656  -58.610  -35.300  37.219 0.0000000000
141657  -58.501  -35.535  36.784 3.6541957855
141658  -58.405  -35.711  36.362 3.4021823406
141659  -58.259  -35.896  35.909 3.4021823406
141660  -58.797  -35.183  35.486 0.0000000000
141661  -58.420  -35.638  35.488 3.6541957855
141662  -58.095  -36.138  35.483 3.4021823406
141663  -57.964  -36.363  35.072 3.4021823406
141664  -57.657  -36.613  34.670 3.2131721973
141665  -57.325  -36.823  34.287 3.2131721973
141684  -59.859  -34.191  34.049 0.0000000000
141685  -59.298  -34.639  33.985 0.0000000000
141686  -58.763  -35.046  33.983 0.0000000000
141687  -58.635  -34.910  33.263 0.0000000000
141688  -58.409  -35.197  33.586 3.5281891823
141689  -58.238  -35.479  33.918 3.5281891823
141690  -57.784  -35.945  33.857 3.2131721973
141691  -57.388  -36.451  33.854 3.2131721973
141692  -56.941  -36.958  33.928 3.2131721973
141693  -56.563  -37.182  33.638 3.2131721973
141694  -56.157  -37.368  33.331 3.6856975555
141695  -55.706  -37.565  33.050 3.6856975555
141696  -56.268  -36.595  32.488 2.7091450691
141697  -55.719  -37.189  32.571 3.0871653557
141698  -55.337  -37.760  32.755 0.0000000000
141699  -54.980  -37.953  32.499 0.0000000000
141700  -54.688  -38.194  32.169 0.0000000000
141701  -54.417  -38.432  31.859 0.0000000000
141702  -56.803  -35.104  31.166 2.8981552124
141703  -56.205  -35.585  31.152 2.8981552124
141704  -55.708  -36.110  31.129 3.0871653557
141705  -55.464  -35.890  30.453 0.0000000000
141706  -55.318  -36.289  30.816 3.0871653557
141707  -55.201  -36.735  31.198 3.0871653557
141708  -54.718  -37.400  31.330 3.0871653557
141709  -54.369  -38.044  31.454 0.0000000000
141710  -54.165  -38.644  31.608 0.0000000000
141711  -53.959  -38.892  31.293 3.5596907139
141712  -53.656  -39.152  30.993 3.5596907139
141713  -53.231  -39.338  30.768 3.5596907139
141714  -53.606  -38.372  30.283 2.8981552124
141715  -53.172  -39.013  30.388 2.8981552124
141716  -52.712  -39.529  30.548 2.8981552124
141717  -52.154  -39.727  30.357 2.8981552124
141718  -51.659  -39.935  30.203 0.0000000000
141719  -51.212  -40.127  29.951 0.0000000000
149986  -49.590  -46.736  44.306 0.0000000000
149987  -49.743  -46.365  44.331 0.0000000000
149988  -49.006  -45.807  43.798 0.0000000000
149989  -49.462  -45.894  44.086 0.0000000000
149990  -49.926  -45.950  44.475 0.0000000000
149991  -50.176  -45.520  44.659 3.8432059288
149992  -50.431  -45.083  44.900 3.4966874123
149993  -50.656  -44.670  45.136 3.4966874123
149994  -48.383  -44.125  43.051 3.4966874123
149995  -48.747  -44.186  43.431 3.8432059288
149996  -49.099  -44.269  43.778 3.8432059288
149997  -49.123  -43.448  43.799 4.0322160721
149998  -49.332  -43.875  44.032 3.8432059288
149999  -49.546  -44.276  44.219 3.8432059288
150000  -49.988  -44.265  44.593 3.8432059288
150001  -50.435  -44.260  44.977 3.4966874123
150002  -50.925  -44.212  45.386 3.4966874123
150003  -51.167  -43.735  45.553 3.4966874123
150004  -51.466  -43.254  45.622 3.6226940155
150005  -51.797  -42.773  45.663 3.6226940155
150006  -51.097  -42.394  45.159 3.6226940155
150007  -51.604  -42.348  45.478 3.6226940155
150008  -52.139  -42.307  45.755 3.6226940155
150009  -52.428  -41.816  45.742 3.6226940155
150010  -52.685  -41.325  45.761 3.2446739674
150011  -52.929  -40.840  45.816 3.2446739674
150012  -46.237  -41.160  41.193 0.0000000000
150013  -46.668  -41.158  41.610 3.4021823406
150014  -47.054  -41.125  41.977 3.4021823406
150015  -46.688  -40.531  41.989 3.4021823406
150016  -47.124  -40.787  42.165 3.4021823406
150017  -47.482  -41.137  42.325 3.4021823406
150018  -47.935  -41.116  42.687 3.4021823406
150019  -48.395  -41.078  43.109 3.4021823406
150020  -48.883  -41.020  43.530 4.2527279854
150021  -46.891  -39.333  42.815 3.6856975555
150022  -47.295  -39.618  43.106 3.6856975555
150023  -47.720  -39.849  43.227 3.4021823406
150024  -48.303  -39.467  43.821 4.1267209053
150025  -48.211  -39.870  43.665 4.2527279854
150026  -48.171  -40.162  43.398 3.4021823406
150027  -48.604  -40.494  43.586 4.2527279854
150028  -48.965  -40.809  43.751 4.2527279854
150029  -49.367  -41.055  43.903 4.2527279854
150030  -49.919  -40.971  44.264 4.2527279854
150031  -50.453  -40.890  44.652 3.8432059288
150032  -50.976  -40.807  45.018 3.8432059288
150033  -50.696  -40.163  44.926 3.8432059288
150034  -51.103  -40.381  45.160 3.8432059288
150035  -51.498  -40.657  45.319 3.8432059288
150036  -52.091  -40.567  45.567 3.8432059288
150037  -52.669  -40.434  45.772 3.2446739674
150038  -53.142  -40.360  45.844 3.2446739674
150039  -53.352  -40.011  45.781 3.2446739674
150040  -53.602  -39.534  45.720 3.2446739674
150041  -53.867  -39.067  45.533 3.7171990871
150042  -52.946  -39.008  45.218 3.7171990871
150043  -53.563  -38.836  45.284 3.7171990871
150044  -54.123  -38.637  45.210 3.7171990871
150045  -54.340  -38.211  44.826 3.7171990871
150046  -54.595  -37.740  44.408 3.8747076988
150047  -54.882  -37.295  44.033 3.8747076988
150048  -51.517  -38.197  43.398 3.4021823406
150049  -52.205  -38.036  43.519 3.7171990871
150050  -52.820  -37.835  43.648 3.7171990871
150051  -52.753  -37.303  42.608 4.0637178421
150052  -53.093  -37.441  43.192 0.0000000000
150053  -53.422  -37.613  43.698 3.7171990871
150054  -54.074  -37.316  43.716 3.7171990871
150055  -54.604  -37.064  43.725 3.4336841106
150056  -55.131  -36.850  43.630 3.7487008572
150057  -55.351  -36.403  43.231 3.7487008572
150058  -55.571  -35.949  42.880 3.7487008572
150059  -55.749  -35.539  42.409 3.7487008572
150060  -54.915  -35.550  42.011 3.7487008572
150061  -55.479  -35.314  42.054 3.7487008572
150062  -55.974  -35.138  41.963 4.2527279854
150063  -56.201  -34.792  41.466 4.0637178421
150064  -56.392  -34.489  40.959 4.0637178421
150065  -56.548  -34.217  40.502 4.1582226753
150083  -43.918  -35.589  36.703 0.0000000000
150084  -44.446  -35.755  36.970 0.0000000000
150085  -45.005  -35.905  37.245 0.0000000000
150086  -45.580  -35.988  37.472 0.0000000000
150087  -45.447  -35.250  36.592 0.0000000000
150088  -45.804  -35.676  37.084 0.0000000000
150089  -46.157  -36.104  37.639 3.0556638241
150090  -46.748  -36.228  37.896 3.0556638241
150091  -47.332  -36.301  38.106 3.0556638241
150092  -47.920  -36.368  38.279 3.0556638241
150096  -44.755  -30.023  33.507 0.0000000000
150097  -44.536  -30.390  33.769 0.0000000000
150098  -44.326  -30.758  33.993 0.0000000000
150099  -44.622  -31.325  34.153 0.0000000000
150100  -44.966  -31.936  34.411 0.0000000000
150101  -45.381  -32.592  34.708 0.0000000000
150102  -46.827  -30.789  33.362 0.0000000000
150103  -46.638  -31.109  33.602 0.0000000000
150104  -46.446  -31.482  33.888 0.0000000000
150105  -47.385  -32.086  34.451 0.0000000000
150106  -46.828  -31.997  34.309 0.0000000000
150107  -46.293  -31.899  34.195 0.0000000000
150108  -46.060  -32.208  34.463 0.0000000000
150109  -45.897  -32.647  34.769 0.0000000000
150110  -45.801  -33.205  35.058 0.0000000000
150111  -46.200  -33.738  35.440 3.4966874123
150112  -46.599  -34.210  35.813 3.4966874123
150113  -46.974  -34.712  36.236 3.4966874123
150114  -47.722  -34.315  36.146 3.4966874123
150115  -47.541  -34.752  36.411 3.4966874123
150116  -47.375  -35.186  36.730 3.4966874123
150117  -47.770  -35.619  37.283 3.0556638241
150118  -48.120  -36.006  37.870 2.6146399975
150119  -48.484  -36.334  38.463 2.6146399975
150120  -49.080  -36.303  38.613 2.6146399975
150121  -49.656  -36.274  38.783 2.6146399975
150122  -50.240  -36.167  38.953 0.0000000000
150123  -50.037  -35.459  38.156 0.0000000000
150124  -50.429  -35.749  38.633 0.0000000000
150125  -50.859  -35.988  39.128 0.0000000000
150126  -51.435  -35.857  39.356 3.3706805706
150127  -51.956  -35.660  39.545 3.3706805706
150128  -52.493  -35.388  39.724 2.8666536808
150129  -50.679  -33.593  37.056 0.0000000000
150130  -51.050  -33.890  37.508 0.0000000000
150131  -51.437  -34.179  37.960 0.0000000000
150132  -52.253  -33.580  37.889 3.4966874123
150133  -52.043  -34.000  38.150 3.4966874123
150134  -51.855  -34.427  38.395 0.0000000000
150135  -52.259  -34.667  38.867 3.4966874123
150136  -52.662  -34.893  39.359 2.8666536808
150137  -53.072  -35.125  39.853 2.8666536808
150138  -53.572  -34.888  40.033 2.8666536808
150139  -54.127  -34.660  40.130 2.8666536808
150140  -54.701  -34.379  40.215 4.0637178421
150141  -54.552  -33.773  39.524 4.0637178421
150142  -54.895  -33.998  39.870 4.0637178421
150143  -55.236  -34.226  40.255 4.0637178421
150144  -55.717  -34.129  40.300 4.0637178421
150145  -56.233  -34.007  40.198 4.0637178421
150146  -56.739  -33.937  40.020 4.1582226753
150147  -56.971  -33.630  39.639 4.1582226753
150148  -57.199  -33.376  39.274 0.0000000000
150149  -57.440  -33.101  38.860 0.0000000000
150150  -56.653  -32.832  38.750 0.0000000000
150151  -57.200  -32.792  38.626 0.0000000000
150152  -57.703  -32.772  38.424 0.0000000000
150153  -57.989  -32.448  38.105 0.0000000000
150154  -58.296  -32.108  37.783 0.0000000000
150155  -58.567  -31.774  37.469 0.0000000000
150156  -55.286  -31.847  37.584 3.7487008572
150157  -55.908  -31.732  37.654 3.7487008572
150158  -56.521  -31.636  37.673 0.0000000000
150159  -56.428  -31.130  37.035 2.9926602840
150160  -56.744  -31.350  37.360 0.0000000000
150161  -57.101  -31.590  37.595 0.0000000000
150162  -57.734  -31.544  37.469 0.0000000000
150163  -58.293  -31.478  37.348 0.0000000000
150164  -58.809  -31.495  37.102 0.0000000000
150165  -59.014  -31.254  36.677 0.0000000000
150166  -59.156  -30.974  36.240 0.0000000000
150167  -59.272  -30.729  35.812 0.0000000000
150168  -58.367  -30.449  35.898 2.9926602840
150169  -58.826  -30.467  35.636 0.0000000000
150170  -59.318  -30.516  35.347 0.0000000000
150171  -59.330  -30.339  34.852 0.0000000000
150172  -59.286  -30.201  34.357 0.0000000000
150173  -59.203  -30.095  33.846 0.0000000000
150174  -51.893  -29.985  33.917 0.0000000000
150175  -52.469  -29.954  34.127 0.0000000000
150176  -53.070  -29.969  34.332 0.0000000000
150177  -52.764  -29.367  33.571 0.0000000000
150178  -53.227  -29.668  34.053 0.0000000000
150179  -53.675  -29.892  34.538 0.0000000000
150180  -54.254  -29.848  34.651 3.3706805706
150181  -54.842  -29.786  34.813 3.3706805706
150182  -55.435  -29.741  34.865 3.3706805706
150184  -53.675  -28.470  32.900 0.0000000000
150185  -54.139  -28.769  33.299 0.0000000000
150186  -54.704  -28.501  33.060 0.0000000000
150187  -54.649  -28.772  33.403 0.0000000000
150188  -54.587  -29.053  33.733 0.0000000000
150189  -55.037  -29.334  34.113 0.0000000000
150190  -55.489  -29.564  34.508 3.3706805706
150191  -55.961  -29.760  34.903 3.3706805706
150192  -56.512  -29.714  34.862 0.0000000000
150193  -57.051  -29.730  34.745 0.0000000000
150194  -57.499  -29.756  34.569 0.0000000000
150195  -57.082  -29.325  33.802 3.7802026272
150196  -57.503  -29.564  34.061 0.0000000000
150197  -57.932  -29.790  34.341 0.0000000000
150198  -58.359  -29.828  34.000 0.0000000000
150199  -58.717  -29.942  33.624 0.0000000000
150200  -59.161  -30.022  33.300 0.0000000000
150204  -58.012  -29.256  31.934 0.0000000000
151398  -42.876  -45.027  38.446 0.0000000000
151399  -43.162  -43.032  39.565 0.0000000000
151400  -43.082  -43.458  39.572 0.0000000000
151401  -43.026  -43.864  39.511 2.6776435375
151402  -43.666  -44.226  39.775 2.6776435375
151403  -43.307  -44.265  39.613 2.6776435375
151404  -42.999  -44.285  39.368 2.6776435375
151405  -43.041  -44.658  39.128 0.0000000000
151406  -43.128  -45.011  38.833 0.0000000000
151407  -43.191  -45.466  38.477 0.0000000000
151429  -46.545  -45.753  41.561 0.0000000000
151438  -47.769  -46.907  42.810 0.0000000000
155824  -50.875  -47.222  45.026 0.0000000000
155830  -51.759  -45.416  45.499 3.4966874123
155831  -51.835  -45.951  45.332 0.0000000000
155832  -51.879  -46.435  45.095 0.0000000000
155833  -52.455  -46.035  44.916 0.0000000000
155834  -52.157  -46.464  44.857 0.0000000000
155835  -51.871  -46.914  44.705 0.0000000000
155848  -53.950  -41.559  45.593 3.2446739674
155849  -54.055  -42.203  45.391 2.9296569824
155850  -54.087  -42.891  45.172 2.9296569824
155851  -54.624  -42.620  44.700 0.0000000000
155852  -54.399  -43.065  44.769 2.9296569824
155853  -54.168  -43.391  44.856 2.9296569824
155854  -54.198  -43.984  44.445 0.0000000000
155855  -54.174  -44.553  43.976 0.0000000000
155856  -54.105  -45.058  43.474 0.0000000000
155857  -55.405  -43.412  42.587 0.0000000000
155858  -55.200  -43.859  42.676 0.0000000000
155859  -54.989  -44.199  42.759 0.0000000000
155862  -54.786  -44.547  42.750 0.0000000000
155863  -54.555  -44.925  42.807 0.0000000000
155864  -54.280  -45.260  42.862 0.0000000000
155865  -53.977  -45.579  42.893 0.0000000000
155902  -57.661  -34.610  40.581 4.1582226753
155903  -57.750  -35.087  40.782 4.1582226753
155904  -57.738  -35.616  40.870 2.9296569824
155905  -58.055  -35.541  39.965 2.9296569824
155906  -57.841  -35.865  40.396 2.9296569824
155907  -57.583  -36.232  40.800 2.9296569824
155908  -57.331  -36.871  40.693 2.9296569824
155909  -57.127  -37.491  40.593 3.4966874123
155910  -56.952  -38.168  40.435 3.4966874123
155911  -57.827  -36.450  37.893 0.0000000000
155912  -57.560  -36.801  38.345 0.0000000000
155913  -57.375  -37.181  38.687 0.0000000000
155914  -57.114  -38.187  38.084 2.7091450691
155915  -57.148  -37.892  38.571 2.7091450691
155916  -57.209  -37.565  39.077 2.7091450691
155917  -57.051  -37.972  39.491 3.4966874123
155918  -56.908  -38.404  39.857 3.4966874123
155919  -56.775  -38.840  40.191 3.4966874123
155920  -56.639  -39.505  39.868 3.4966874123
155921  -56.624  -40.170  39.576 0.0000000000
155922  -56.633  -40.822  39.307 0.0000000000
155923  -56.861  -40.646  38.446 0.0000000000
155924  -56.741  -41.032  38.744 0.0000000000
155925  -56.598  -41.426  39.007 0.0000000000
155929  -56.711  -38.544  34.888 3.1501688957
155930  -56.874  -38.983  35.204 3.1501688957
155931  -57.029  -39.372  35.496 3.1501688957
155932  -56.845  -40.005  35.117 0.0000000000
155933  -57.063  -39.849  35.465 0.0000000000
155934  -57.189  -39.698  35.789 0.0000000000
155935  -57.343  -39.974  36.103 0.0000000000
155936  -57.395  -40.287  36.334 0.0000000000
155937  -57.427  -40.604  36.575 0.0000000000
155938  -57.179  -42.220  34.338 0.0000000000
155944  -57.627  -41.307  36.014 0.0000000000
155945  -57.570  -41.134  36.394 0.0000000000
155946  -57.441  -40.965  36.755 0.0000000000
156118  -59.725  -33.081  26.897 0.0000000000
156119  -58.818  -33.282  27.211 0.0000000000
156120  -57.924  -33.611  27.468 0.0000000000
156121  -57.668  -33.570  26.416 0.0000000000
156122  -57.381  -33.793  27.079 0.0000000000
156123  -57.017  -34.044  27.749 2.5516366959
156124  -56.117  -34.589  28.013 2.5516366959
156125  -55.397  -35.239  28.230 0.0000000000
156126  -54.766  -35.837  28.398 0.0000000000
156128  -54.900  -34.344  26.055 0.0000000000
156129  -54.717  -34.814  26.576 0.0000000000
156130  -53.303  -35.292  26.712 0.0000000000
156131  -53.932  -35.342  26.834 0.0000000000
156132  -54.521  -35.321  27.120 0.0000000000
156133  -54.405  -35.760  27.633 0.0000000000
156134  -54.312  -36.091  28.106 0.0000000000
156135  -54.184  -36.369  28.573 0.0000000000
156136  -53.605  -36.818  28.691 3.0556638241
156137  -53.070  -37.356  28.826 3.0556638241
156138  -52.556  -37.910  28.996 2.8981552124
156139  -51.861  -37.637  28.386 0.0000000000
156140  -51.938  -38.014  28.776 0.0000000000
156141  -51.958  -38.442  29.235 0.0000000000
156142  -51.476  -39.048  29.477 0.0000000000
156143  -51.068  -39.658  29.595 0.0000000000
156144  -50.759  -40.290  29.636 0.0000000000
156225  -50.499  -41.052  29.619 0.0000000000
