#!ascii label  , from subject fsaverage vox2ras=TkReg coords=white
1898
50  33.639  -26.196  45.941 0.0000000000
107  48.844  -16.536  49.060 0.0000000000
237  31.758  -30.130  55.465 0.0000000000
376  32.209  -17.110  44.935 0.0000000000
377  36.541  -18.498  54.449 0.0000000000
378  27.570  -23.669  49.676 0.0000000000
488  40.678  -21.304  46.910 0.0000000000
1062  47.157  -18.449  42.296 0.0000000000
1063  51.170  -16.201  42.617 0.0000000000
1064  52.804  -15.217  48.336 0.0000000000
1067  33.438  -21.713  45.619 0.0000000000
1068  33.993  -21.282  42.331 0.0000000000
1069  37.528  -24.939  45.469 0.0000000000
1575  41.179  -19.252  35.027 0.0000000000
1576  42.850  -19.962  41.518 0.0000000000
1577  32.076  -28.721  48.891 0.0000000000
1578  37.090  -27.013  50.962 0.0000000000
1579  37.266  -29.391  57.062 0.0000000000
1835  35.609  -13.169  48.708 0.0000000000
1836  33.951  -17.132  49.938 0.0000000000
1837  34.887  -22.372  48.838 0.0000000000
1839  33.897  -23.159  53.113 0.0000000000
1840  30.338  -25.404  47.501 0.0000000000
1841  27.853  -28.082  48.831 0.0000000000
1842  27.303  -29.795  54.978 0.0000000000
2109  37.620  -20.323  40.747 0.0000000000
2110  43.844  -18.046  48.470 0.0000000000
2111  42.294  -23.904  53.429 0.0000000000
2982  48.083  -17.494  45.949 0.0000000000
2983  50.040  -16.631  45.938 0.0000000000
2984  50.955  -15.640  48.909 0.0000000000
2987  34.316  -24.334  45.350 0.0000000000
2988  35.162  -24.017  44.051 0.0000000000
2989  35.616  -25.921  45.457 0.0000000000
3584  38.918  -19.468  35.285 0.0000000000
3585  42.033  -20.257  38.025 0.0000000000
3586  39.510  -20.551  37.762 0.0000000000
3587  31.714  -29.365  51.914 0.0000000000
3588  34.469  -29.137  52.945 0.0000000000
3589  34.469  -29.917  56.250 0.0000000000
4033  35.185  -15.131  52.384 0.0000000000
4034  35.264  -17.706  52.274 0.0000000000
4035  34.547  -19.714  49.712 0.0000000000
4036  35.692  -20.340  51.565 0.0000000000
4040  29.373  -22.664  53.312 0.0000000000
4041  32.769  -22.888  55.124 0.0000000000
4042  30.605  -23.290  51.833 0.0000000000
4043  31.657  -23.921  50.094 0.0000000000
4044  28.954  -24.614  48.488 0.0000000000
4045  28.866  -26.797  47.549 0.0000000000
4046  27.116  -25.906  48.253 0.0000000000
4047  23.737  -29.319  51.977 0.0000000000
4048  25.516  -29.009  51.685 0.0000000000
4049  25.299  -30.010  54.775 0.0000000000
4624  47.645  -16.604  36.228 0.0000000000
4625  53.844  -15.034  45.295 0.0000000000
4626  53.243  -14.893  42.756 0.0000000000
4640  37.509  -21.737  43.657 0.0000000000
4641  35.495  -20.651  41.353 0.0000000000
4642  38.586  -20.122  43.886 0.0000000000
4643  40.849  -19.288  44.263 0.0000000000
4644  41.813  -19.300  47.800 0.0000000000
4645  39.595  -26.931  55.198 0.0000000000
4646  39.644  -25.653  52.127 0.0000000000
4647  41.985  -25.229  56.450 0.0000000000
6170  28.186  -22.067  54.923 0.0000000000
6171  26.136  -23.000  51.074 0.0000000000
6172  25.419  -25.145  49.191 0.0000000000
6518  46.271  -18.552  38.673 0.0000000000
6519  48.370  -17.365  39.197 0.0000000000
6520  49.219  -17.387  42.577 0.0000000000
6521  51.855  -15.737  45.640 0.0000000000
6527  32.252  -19.246  45.658 0.0000000000
6528  31.957  -19.465  43.132 0.0000000000
6529  33.206  -21.729  43.775 0.0000000000
6530  36.359  -23.194  43.429 0.0000000000
6531  39.323  -23.365  46.004 0.0000000000
7514  44.195  -19.575  38.274 0.0000000000
7515  45.103  -19.310  42.011 0.0000000000
7516  46.129  -18.360  45.815 0.0000000000
7517  32.754  -27.629  47.052 0.0000000000
7518  35.123  -27.237  47.468 0.0000000000
7519  34.648  -28.192  49.823 0.0000000000
7520  37.018  -28.236  53.940 0.0000000000
7521  39.593  -28.072  58.136 0.0000000000
8131  33.652  -14.966  46.667 0.0000000000
8132  36.147  -13.105  51.662 0.0000000000
8133  34.330  -14.936  49.498 0.0000000000
8134  32.929  -16.957  47.382 0.0000000000
8135  33.190  -19.303  47.687 0.0000000000
8136  34.221  -21.938  47.116 0.0000000000
8137  33.716  -24.399  46.749 0.0000000000
8143  36.268  -21.180  53.639 0.0000000000
8144  34.782  -23.070  50.924 0.0000000000
8145  32.764  -24.218  48.465 0.0000000000
8146  31.863  -25.951  46.648 0.0000000000
8147  30.682  -27.446  47.159 0.0000000000
8148  29.961  -28.652  48.780 0.0000000000
8149  29.496  -29.394  51.503 0.0000000000
8150  26.036  -27.434  49.353 0.0000000000
8151  27.454  -29.099  51.446 0.0000000000
8152  29.489  -30.064  55.206 0.0000000000
8873  50.577  -15.904  39.786 0.0000000000
8874  52.742  -14.390  40.502 0.0000000000
8894  40.181  -20.297  40.885 0.0000000000
8895  43.483  -18.936  45.059 0.0000000000
8896  46.412  -17.414  49.244 0.0000000000
8897  37.432  -26.169  48.072 0.0000000000
8898  39.854  -24.722  49.154 0.0000000000
8899  42.301  -22.703  50.267 0.0000000000
8900  43.798  -23.109  57.593 0.0000000000
8901  44.483  -21.641  54.861 0.0000000000
8902  43.896  -20.258  51.318 0.0000000000
8903  44.931  -18.235  51.989 0.0000000000
8904  46.885  -16.941  52.482 0.0000000000
8905  49.182  -16.182  52.140 0.0000000000
10662  48.526  -16.929  47.609 0.0000000000
10663  49.537  -16.463  47.631 0.0000000000
10664  49.947  -16.039  49.023 0.0000000000
10665  51.338  -15.522  50.128 0.0000000000
10666  50.260  -15.878  50.272 0.0000000000
10667  34.071  -25.344  45.559 0.0000000000
10668  34.806  -25.281  45.083 0.0000000000
10669  34.656  -26.177  45.638 0.0000000000
11265  39.135  -20.185  36.406 0.0000000000
11267  31.773  -29.706  53.703 0.0000000000
11268  33.087  -29.664  54.091 0.0000000000
11269  33.081  -30.046  55.805 0.0000000000
11712  36.460  -17.087  54.734 0.0000000000
11713  35.808  -16.737  53.639 0.0000000000
11714  35.949  -18.096  53.346 0.0000000000
11715  35.523  -19.072  51.989 0.0000000000
11716  36.121  -19.447  53.020 0.0000000000
11720  28.346  -22.956  51.434 0.0000000000
11721  30.030  -22.966  52.536 0.0000000000
11722  28.975  -23.321  50.669 0.0000000000
11723  29.624  -23.727  50.010 0.0000000000
11724  28.283  -24.139  49.085 0.0000000000
11725  27.955  -25.261  48.133 0.0000000000
11726  27.201  -24.728  48.690 0.0000000000
11727  23.577  -30.123  53.279 0.0000000000
11728  24.474  -29.809  53.221 0.0000000000
11729  24.457  -30.322  54.868 0.0000000000
11730  25.320  -30.355  56.601 0.0000000000
12305  54.751  -15.353  45.935 0.0000000000
12306  54.590  -15.047  44.957 0.0000000000
12320  39.161  -21.611  45.119 0.0000000000
12321  38.023  -20.882  43.904 0.0000000000
12322  39.643  -20.607  45.521 0.0000000000
12323  40.234  -19.718  45.788 0.0000000000
12324  41.213  -20.220  47.392 0.0000000000
12325  40.750  -26.810  57.318 0.0000000000
12326  40.910  -26.170  55.828 0.0000000000
14122  26.322  -22.112  53.690 0.0000000000
14123  27.005  -22.406  52.760 0.0000000000
14124  25.391  -22.819  51.845 0.0000000000
14125  24.854  -23.754  50.626 0.0000000000
14702  46.709  -18.619  40.457 0.0000000000
14703  47.777  -18.060  40.715 0.0000000000
14704  48.183  -17.939  42.457 0.0000000000
14705  51.412  -15.722  47.346 0.0000000000
14706  50.992  -16.161  45.875 0.0000000000
14707  52.323  -15.394  47.056 0.0000000000
14708  53.196  -15.201  46.714 0.0000000000
14717  32.756  -20.463  45.770 0.0000000000
14718  32.441  -20.555  44.591 0.0000000000
14719  33.201  -21.735  44.666 0.0000000000
14720  36.414  -24.663  44.416 0.0000000000
14721  35.684  -23.656  43.656 0.0000000000
14722  37.166  -24.161  44.338 0.0000000000
14723  37.902  -23.437  44.446 0.0000000000
14724  38.489  -24.234  45.704 0.0000000000
16510  43.766  -19.219  36.576 0.0000000000
16511  42.713  -19.615  36.448 0.0000000000
16512  42.429  -20.285  39.692 0.0000000000
16513  43.484  -20.025  39.842 0.0000000000
16514  43.999  -19.686  41.784 0.0000000000
16515  45.624  -18.923  43.903 0.0000000000
16516  44.480  -19.266  43.648 0.0000000000
16517  32.368  -28.214  47.864 0.0000000000
16518  33.618  -28.086  48.182 0.0000000000
16519  33.346  -28.570  49.298 0.0000000000
16520  35.822  -29.273  55.027 0.0000000000
16521  35.775  -28.700  53.427 0.0000000000
16522  37.152  -28.853  55.489 0.0000000000
16523  38.371  -28.260  55.952 0.0000000000
16524  38.535  -28.835  57.571 0.0000000000
17849  35.361  -13.180  47.288 0.0000000000
17850  34.289  -14.061  46.233 0.0000000000
17851  34.557  -14.026  47.655 0.0000000000
17855  34.523  -16.120  51.130 0.0000000000
17856  34.693  -14.981  50.894 0.0000000000
17857  34.031  -15.949  49.797 0.0000000000
17858  33.584  -15.918  48.404 0.0000000000
17859  33.425  -16.965  48.701 0.0000000000
17860  32.942  -18.063  47.629 0.0000000000
17861  33.506  -18.137  48.806 0.0000000000
17862  34.847  -20.991  49.315 0.0000000000
17863  34.293  -20.764  48.425 0.0000000000
17864  34.602  -22.093  47.981 0.0000000000
17865  34.333  -23.250  46.897 0.0000000000
17866  34.340  -23.437  47.747 0.0000000000
17878  33.371  -23.045  54.177 0.0000000000
17879  34.303  -22.633  55.659 0.0000000000
17880  34.843  -22.604  54.464 0.0000000000
17881  36.098  -21.567  54.773 0.0000000000
17882  35.329  -22.527  53.353 0.0000000000
17883  35.622  -22.195  52.169 0.0000000000
17884  34.355  -23.212  52.053 0.0000000000
17885  30.850  -24.502  48.536 0.0000000000
17886  32.243  -24.142  49.239 0.0000000000
17887  31.436  -24.844  47.809 0.0000000000
17888  32.078  -25.027  47.258 0.0000000000
17889  31.075  -25.740  47.025 0.0000000000
17890  31.242  -26.754  46.784 0.0000000000
17891  30.387  -26.472  47.033 0.0000000000
17892  28.224  -27.425  47.992 0.0000000000
17893  29.247  -27.807  47.863 0.0000000000
17894  28.831  -28.343  48.724 0.0000000000
17895  29.606  -29.012  49.922 0.0000000000
17896  28.537  -28.826  49.902 0.0000000000
17897  24.722  -26.078  49.503 0.0000000000
17898  25.605  -26.359  49.044 0.0000000000
17899  25.077  -27.248  49.731 0.0000000000
17900  26.326  -29.513  53.120 0.0000000000
17901  26.504  -29.012  51.551 0.0000000000
17902  27.371  -29.534  53.186 0.0000000000
17903  28.408  -29.639  53.263 0.0000000000
17904  28.429  -29.913  55.111 0.0000000000
17905  29.486  -30.229  57.128 0.0000000000
17906  28.427  -30.117  57.062 0.0000000000
19630  49.825  -16.867  40.988 0.0000000000
19631  49.452  -16.667  39.492 0.0000000000
19632  50.940  -16.131  41.149 0.0000000000
19633  54.244  -14.345  42.909 0.0000000000
19634  53.002  -14.664  41.656 0.0000000000
19635  54.054  -14.021  41.923 0.0000000000
19675  32.693  -20.483  42.575 0.0000000000
19677  33.227  -20.402  41.645 0.0000000000
19678  36.542  -20.417  41.017 0.0000000000
19679  34.771  -20.228  40.198 0.0000000000
19680  35.919  -20.260  39.711 0.0000000000
19682  37.093  -20.386  39.392 0.0000000000
19683  38.323  -20.531  39.231 0.0000000000
19684  38.818  -20.336  40.696 0.0000000000
19685  42.409  -18.660  46.409 0.0000000000
19686  42.126  -19.091  44.633 0.0000000000
19687  43.733  -18.386  46.865 0.0000000000
19688  45.132  -18.198  47.387 0.0000000000
19689  45.126  -17.724  48.949 0.0000000000
19690  35.994  -27.201  49.003 0.0000000000
19691  36.352  -26.731  47.766 0.0000000000
19692  37.181  -26.602  49.445 0.0000000000
19693  41.028  -24.822  52.780 0.0000000000
19694  39.875  -25.185  50.686 0.0000000000
19695  41.163  -24.321  51.284 0.0000000000
19696  41.163  -23.765  49.750 0.0000000000
19697  42.417  -23.321  51.848 0.0000000000
19704  44.524  -20.911  53.251 0.0000000000
19705  45.084  -19.749  53.648 0.0000000000
19706  44.340  -19.177  51.701 0.0000000000
19707  45.568  -18.671  53.853 0.0000000000
19709  47.085  -17.118  54.015 0.0000000000
19710  48.151  -16.624  53.982 0.0000000000
19711  48.006  -16.542  52.452 0.0000000000
23798  47.610  -18.029  44.179 0.0000000000
23799  48.622  -17.614  44.175 0.0000000000
23800  49.023  -17.045  46.010 0.0000000000
23801  50.409  -16.100  47.476 0.0000000000
23802  51.870  -15.420  48.641 0.0000000000
23804  52.231  -15.355  49.830 0.0000000000
23807  34.079  -23.029  45.423 0.0000000000
23808  34.079  -22.919  44.606 0.0000000000
23809  34.701  -24.222  44.662 0.0000000000
23810  35.538  -25.027  44.654 0.0000000000
23811  36.578  -25.498  45.399 0.0000000000
24882  40.049  -19.421  35.039 0.0000000000
24883  41.554  -19.929  36.325 0.0000000000
24884  40.367  -20.111  36.293 0.0000000000
24885  40.741  -20.464  37.821 0.0000000000
24886  41.157  -20.481  39.433 0.0000000000
24887  31.936  -29.116  50.365 0.0000000000
24888  33.220  -28.963  50.821 0.0000000000
24889  33.082  -29.354  52.373 0.0000000000
24890  34.434  -29.508  54.528 0.0000000000
24891  35.883  -29.686  56.654 0.0000000000
25691  35.108  -16.366  52.434 0.0000000000
25692  34.564  -17.365  51.131 0.0000000000
25693  34.106  -18.363  49.940 0.0000000000
25694  34.818  -18.709  50.907 0.0000000000
25695  35.132  -20.007  50.632 0.0000000000
25696  35.313  -21.293  50.164 0.0000000000
25702  30.523  -22.625  55.205 0.0000000000
25703  32.193  -22.749  56.051 0.0000000000
25704  31.105  -22.881  54.374 0.0000000000
25705  31.694  -23.087  53.524 0.0000000000
25706  32.187  -23.355  52.529 0.0000000000
25707  32.738  -23.533  51.652 0.0000000000
25708  31.136  -23.668  50.916 0.0000000000
25709  30.267  -24.121  49.294 0.0000000000
25710  29.649  -25.018  47.996 0.0000000000
25711  29.534  -26.102  47.394 0.0000000000
25712  28.732  -25.695  47.733 0.0000000000
25713  27.944  -26.339  47.840 0.0000000000
25714  27.339  -27.041  48.271 0.0000000000
25715  23.941  -28.303  50.920 0.0000000000
25716  24.777  -28.179  50.550 0.0000000000
25717  24.608  -29.135  51.779 0.0000000000
25718  25.346  -29.589  53.131 0.0000000000
25719  26.221  -29.830  54.804 0.0000000000
25720  27.334  -30.074  56.811 0.0000000000
25721  26.278  -30.137  56.690 0.0000000000
26754  48.736  -15.980  36.651 0.0000000000
26755  52.468  -15.474  44.089 0.0000000000
26756  52.226  -15.517  42.713 0.0000000000
26757  53.501  -14.985  44.027 0.0000000000
26758  54.363  -14.718  43.841 0.0000000000
26782  35.770  -21.667  42.735 0.0000000000
26783  34.671  -20.957  41.820 0.0000000000
26784  36.430  -21.025  42.605 0.0000000000
26785  37.112  -20.481  42.448 0.0000000000
26786  38.145  -20.101  42.360 0.0000000000
26787  39.279  -19.946  42.321 0.0000000000
26788  39.665  -19.598  44.043 0.0000000000
26789  41.104  -19.096  45.977 0.0000000000
26790  42.730  -18.540  48.137 0.0000000000
26791  38.319  -26.923  53.119 0.0000000000
26792  38.242  -26.345  51.476 0.0000000000
26793  39.614  -26.235  53.688 0.0000000000
26794  40.960  -25.466  54.326 0.0000000000
26795  42.151  -24.551  54.990 0.0000000000
29117  31.679  -30.366  57.276 0.0000000000
29118  33.078  -30.410  57.753 0.0000000000
29754  29.940  -22.368  55.979 0.0000000000
29755  28.786  -22.379  54.033 0.0000000000
29756  27.688  -22.605  52.071 0.0000000000
29757  26.820  -23.309  50.302 0.0000000000
29758  26.395  -24.266  49.283 0.0000000000
29759  25.603  -24.019  49.907 0.0000000000
29760  24.647  -24.951  49.783 0.0000000000
29766  22.916  -29.544  52.290 0.0000000000
30566  45.860  -18.249  37.019 0.0000000000
30567  46.887  -17.654  37.333 0.0000000000
30568  47.288  -17.987  38.916 0.0000000000
30569  48.796  -17.504  40.856 0.0000000000
30570  50.211  -16.792  42.631 0.0000000000
30571  49.576  -17.106  44.280 0.0000000000
30572  50.530  -16.599  44.168 0.0000000000
30573  51.472  -16.042  44.154 0.0000000000
30574  52.830  -15.318  45.451 0.0000000000
30575  54.090  -15.154  46.373 0.0000000000
30587  32.075  -18.112  45.340 0.0000000000
30588  31.818  -18.295  43.937 0.0000000000
30589  31.971  -19.320  44.400 0.0000000000
30590  32.445  -20.552  43.539 0.0000000000
30591  33.438  -21.586  42.947 0.0000000000
30592  34.267  -22.845  43.843 0.0000000000
30593  34.630  -22.607  43.282 0.0000000000
30594  35.110  -22.229  42.892 0.0000000000
30595  36.982  -22.495  43.497 0.0000000000
30596  38.612  -22.574  44.727 0.0000000000
30597  40.098  -22.386  46.474 0.0000000000
33008  44.820  -18.760  36.766 0.0000000000
33009  45.218  -19.104  38.424 0.0000000000
33010  45.717  -19.149  40.319 0.0000000000
33011  43.092  -19.944  38.130 0.0000000000
33012  44.631  -19.603  40.131 0.0000000000
33013  46.161  -18.909  42.167 0.0000000000
33014  46.652  -18.467  44.124 0.0000000000
33015  47.164  -17.920  45.966 0.0000000000
33016  47.575  -17.437  47.626 0.0000000000
33017  33.187  -26.947  46.443 0.0000000000
33018  34.356  -26.886  46.377 0.0000000000
33019  33.917  -27.516  47.225 0.0000000000
33020  34.848  -27.729  48.543 0.0000000000
33021  35.806  -27.669  50.291 0.0000000000
33022  34.563  -28.593  51.415 0.0000000000
33023  35.784  -28.141  51.871 0.0000000000
33024  37.016  -27.589  52.407 0.0000000000
33025  38.320  -27.619  54.527 0.0000000000
33026  39.670  -27.542  56.615 0.0000000000
33028  34.473  -30.318  58.091 0.0000000000
33029  35.835  -30.113  58.351 0.0000000000
34698  33.388  -15.053  45.345 0.0000000000
34699  32.866  -16.015  45.825 0.0000000000
34702  35.842  -13.141  50.156 0.0000000000
34703  35.482  -14.034  52.057 0.0000000000
34704  35.138  -14.004  50.617 0.0000000000
34705  34.847  -14.010  49.113 0.0000000000
34706  33.954  -14.947  48.033 0.0000000000
34707  33.178  -15.937  47.103 0.0000000000
34708  32.517  -17.015  46.170 0.0000000000
34709  32.466  -17.990  46.492 0.0000000000
34710  32.712  -19.202  46.729 0.0000000000
34711  33.177  -20.536  46.634 0.0000000000
34712  33.842  -19.439  48.743 0.0000000000
34713  33.697  -20.656  47.490 0.0000000000
34714  33.791  -21.785  46.377 0.0000000000
34715  34.199  -23.166  46.086 0.0000000000
34716  34.038  -24.380  46.011 0.0000000000
34717  33.411  -25.273  46.068 0.0000000000
34730  33.752  -22.575  56.739 0.0000000000
34735  36.519  -19.853  53.988 0.0000000000
34736  36.068  -20.727  52.585 0.0000000000
34737  35.618  -21.671  51.133 0.0000000000
34738  34.985  -22.729  49.826 0.0000000000
34739  33.298  -23.687  50.697 0.0000000000
34740  33.723  -23.710  49.686 0.0000000000
34741  34.145  -23.669  48.662 0.0000000000
34742  33.257  -24.398  47.586 0.0000000000
34743  32.739  -25.171  46.678 0.0000000000
34744  32.785  -26.162  46.272 0.0000000000
34745  32.160  -26.907  46.586 0.0000000000
34746  31.655  -27.561  47.061 0.0000000000
34747  31.305  -28.228  47.770 0.0000000000
34748  29.785  -27.175  47.359 0.0000000000
34749  30.243  -28.065  47.755 0.0000000000
34750  31.002  -28.715  48.785 0.0000000000
34751  30.725  -29.100  50.086 0.0000000000
34752  30.600  -29.419  51.697 0.0000000000
34753  30.649  -29.747  53.570 0.0000000000
34754  26.277  -25.521  48.662 0.0000000000
34755  26.448  -26.616  48.592 0.0000000000
34756  26.913  -27.702  49.048 0.0000000000
34757  25.653  -28.194  50.325 0.0000000000
34758  26.672  -28.422  50.211 0.0000000000
34759  27.620  -28.643  50.032 0.0000000000
34760  28.473  -29.298  51.497 0.0000000000
34761  29.538  -29.757  53.419 0.0000000000
34762  30.625  -30.167  55.352 0.0000000000
34763  30.591  -30.332  57.214 0.0000000000
36863  47.923  -17.022  37.703 0.0000000000
36864  49.027  -16.345  38.075 0.0000000000
36865  50.166  -15.625  38.444 0.0000000000
36866  51.974  -15.384  41.397 0.0000000000
36867  51.684  -15.131  40.130 0.0000000000
36868  51.300  -14.866  38.839 0.0000000000
36869  52.482  -14.096  39.352 0.0000000000
36920  33.974  -20.297  40.835 0.0000000000
36926  38.090  -20.455  37.857 0.0000000000
36927  39.772  -20.571  39.296 0.0000000000
36928  41.472  -20.203  41.139 0.0000000000
36929  40.487  -19.803  42.527 0.0000000000
36930  41.778  -19.646  42.876 0.0000000000
36931  43.094  -19.492  43.272 0.0000000000
36932  44.808  -18.734  45.512 0.0000000000
36933  46.389  -17.923  47.596 0.0000000000
36934  47.722  -17.029  49.255 0.0000000000
36935  35.480  -26.634  46.450 0.0000000000
36936  36.562  -26.224  46.522 0.0000000000
36937  37.605  -25.611  46.794 0.0000000000
36938  38.480  -25.909  50.046 0.0000000000
36939  38.603  -25.484  48.538 0.0000000000
36940  38.649  -24.929  47.128 0.0000000000
36941  39.689  -24.105  47.532 0.0000000000
36942  40.769  -23.123  48.060 0.0000000000
36943  41.653  -22.026  48.522 0.0000000000
36945  42.925  -24.191  57.038 0.0000000000
36946  43.220  -23.560  55.658 0.0000000000
36948  44.177  -22.405  56.358 0.0000000000
36949  43.484  -22.817  54.176 0.0000000000
36950  43.607  -22.135  52.580 0.0000000000
36951  43.333  -21.415  50.819 0.0000000000
36952  42.278  -20.869  48.960 0.0000000000
36953  42.910  -19.726  49.560 0.0000000000
36954  43.369  -18.804  49.873 0.0000000000
36955  44.216  -18.035  50.190 0.0000000000
36956  46.255  -17.784  53.974 0.0000000000
36957  45.799  -17.470  52.254 0.0000000000
36958  45.350  -17.459  50.550 0.0000000000
36959  46.634  -17.069  50.963 0.0000000000
36960  47.871  -16.695  50.925 0.0000000000
36961  49.100  -16.296  50.646 0.0000000000
41382  48.740  -16.720  48.340 0.0000000000
41383  49.275  -16.437  48.370 0.0000000000
41384  49.422  -16.283  49.061 0.0000000000
41385  50.097  -15.951  49.641 0.0000000000
41386  49.563  -16.181  49.693 0.0000000000
41387  33.853  -25.781  45.717 0.0000000000
41388  34.319  -25.792  45.526 0.0000000000
41389  34.160  -26.185  45.781 0.0000000000
41987  31.743  -29.924  54.535 0.0000000000
41988  32.443  -29.873  54.786 0.0000000000
41989  32.415  -30.106  55.632 0.0000000000
42432  36.476  -17.807  54.518 0.0000000000
42433  36.172  -17.576  53.989 0.0000000000
42434  36.246  -18.294  53.849 0.0000000000
42435  36.068  -18.766  53.158 0.0000000000
42436  36.321  -18.983  53.672 0.0000000000
42440  27.875  -23.264  50.428 0.0000000000
42441  28.639  -23.094  51.006 0.0000000000
42442  28.273  -23.452  50.167 0.0000000000
42443  28.588  -23.625  49.858 0.0000000000
42444  27.890  -23.948  49.365 0.0000000000
42445  27.674  -24.447  48.787 0.0000000000
42446  27.361  -24.165  49.145 0.0000000000
42447  23.610  -30.437  54.171 0.0000000000
42448  24.029  -30.253  54.066 0.0000000000
42449  23.988  -30.497  54.855 0.0000000000
42450  24.411  -30.523  55.716 0.0000000000
43037  32.375  -16.628  44.709 0.0000000000
43040  39.941  -21.471  45.987 0.0000000000
43041  39.392  -21.107  45.312 0.0000000000
43042  40.182  -20.929  46.212 0.0000000000
43043  40.431  -20.427  46.438 0.0000000000
43044  40.952  -20.756  47.160 0.0000000000
43045  41.170  -26.612  58.356 0.0000000000
43046  41.351  -26.358  57.598 0.0000000000
44843  25.856  -22.426  52.738 0.0000000000
45422  46.932  -18.576  41.398 0.0000000000
45423  47.426  -18.306  41.475 0.0000000000
45424  47.679  -18.197  42.388 0.0000000000
45425  52.137  -15.362  47.909 0.0000000000
45426  51.850  -15.572  47.226 0.0000000000
45427  52.600  -15.248  47.748 0.0000000000
45428  52.993  -15.212  47.540 0.0000000000
45429  53.230  -15.203  48.139 0.0000000000
45437  33.081  -21.144  45.682 0.0000000000
45438  32.898  -21.127  45.206 0.0000000000
45439  33.285  -21.741  45.111 0.0000000000
45440  36.963  -24.851  44.882 0.0000000000
45441  36.809  -24.440  44.353 0.0000000000
45442  37.448  -24.563  44.919 0.0000000000
45443  37.840  -24.246  44.970 0.0000000000
45444  37.997  -24.612  45.533 0.0000000000
47225  40.476  -18.870  34.465 0.0000000000
47227  41.003  -18.781  34.414 0.0000000000
47229  41.719  -19.127  35.005 0.0000000000
47230  42.482  -19.330  35.737 0.0000000000
47231  41.935  -19.504  35.666 0.0000000000
47232  42.629  -20.150  40.589 0.0000000000
47233  43.203  -20.026  40.707 0.0000000000
47234  43.444  -19.845  41.627 0.0000000000
47235  44.233  -19.476  42.711 0.0000000000
47236  43.666  -19.597  42.580 0.0000000000
47237  32.257  -28.490  48.348 0.0000000000
47238  32.850  -28.437  48.520 0.0000000000
47239  32.739  -28.701  49.090 0.0000000000
47240  36.568  -29.343  56.058 0.0000000000
47241  36.502  -29.064  55.230 0.0000000000
47242  37.193  -29.123  56.242 0.0000000000
47243  37.819  -28.845  56.451 0.0000000000
47244  37.896  -29.144  57.287 0.0000000000
48567  36.053  -12.795  48.558 0.0000000000
48568  35.936  -12.792  47.818 0.0000000000
48569  35.481  -13.177  48.004 0.0000000000
48570  34.908  -13.579  47.451 0.0000000000
48571  35.050  -13.585  48.182 0.0000000000
48575  34.212  -16.617  50.511 0.0000000000
48576  34.284  -16.038  50.458 0.0000000000
48577  33.949  -16.523  49.866 0.0000000000
48578  33.704  -16.461  49.236 0.0000000000
48579  33.694  -17.012  49.350 0.0000000000
48580  33.443  -17.557  48.725 0.0000000000
48581  33.704  -17.625  49.317 0.0000000000
48582  34.938  -21.676  49.078 0.0000000000
48583  34.697  -21.542  48.585 0.0000000000
48584  34.748  -22.204  48.413 0.0000000000
48585  34.585  -22.769  47.833 0.0000000000
48586  34.659  -22.878  48.357 0.0000000000
48598  33.588  -23.102  53.666 0.0000000000
48599  34.127  -22.884  54.411 0.0000000000
48600  34.410  -22.913  53.839 0.0000000000
48601  35.106  -22.580  53.925 0.0000000000
48602  34.637  -22.929  53.215 0.0000000000
48603  34.890  -22.912  52.655 0.0000000000
48604  34.137  -23.207  52.522 0.0000000000
48605  30.543  -24.931  47.938 0.0000000000
48606  31.121  -24.690  48.216 0.0000000000
48607  30.846  -25.109  47.653 0.0000000000
48608  31.183  -25.246  47.383 0.0000000000
48609  30.720  -25.598  47.274 0.0000000000
48610  30.720  -26.105  47.032 0.0000000000
48611  30.324  -25.945  47.201 0.0000000000
48612  28.048  -27.767  48.383 0.0000000000
48613  28.518  -27.904  48.298 0.0000000000
48614  28.355  -28.254  48.780 0.0000000000
48615  28.665  -28.617  49.266 0.0000000000
48616  28.151  -28.487  49.273 0.0000000000
48618  24.854  -26.674  49.547 0.0000000000
48619  24.639  -27.160  49.855 0.0000000000
48620  26.782  -29.640  54.002 0.0000000000
48621  26.843  -29.497  53.124 0.0000000000
48622  27.323  -29.672  54.011 0.0000000000
48623  27.898  -29.726  54.169 0.0000000000
48624  27.855  -29.848  55.019 0.0000000000
48625  28.416  -30.018  56.050 0.0000000000
48626  27.873  -29.970  56.031 0.0000000000
50350  50.534  -16.525  41.856 0.0000000000
50351  50.362  -16.506  41.046 0.0000000000
50352  51.057  -16.181  41.859 0.0000000000
50353  54.675  -14.208  42.882 0.0000000000
50354  54.162  -14.218  42.388 0.0000000000
50355  54.597  -13.975  42.436 0.0000000000
50356  54.575  -13.745  42.046 0.0000000000
50395  33.264  -20.929  42.397 0.0000000000
50396  32.924  -20.461  42.105 0.0000000000
50397  33.555  -20.836  42.012 0.0000000000
50398  37.092  -20.362  40.896 0.0000000000
50399  36.158  -20.369  40.299 0.0000000000
50400  36.764  -20.354  40.153 0.0000000000
50401  36.494  -20.314  39.535 0.0000000000
50402  37.436  -20.381  40.079 0.0000000000
50403  37.953  -20.411  40.003 0.0000000000
50404  38.248  -20.328  40.708 0.0000000000
50405  43.145  -18.338  47.453 0.0000000000
50406  43.079  -18.506  46.641 0.0000000000
50407  43.769  -18.126  47.663 0.0000000000
50408  44.473  -18.038  47.982 0.0000000000
50409  44.452  -17.875  48.702 0.0000000000
50410  36.518  -27.113  49.995 0.0000000000
50411  36.574  -26.915  49.211 0.0000000000
50412  37.087  -26.800  50.164 0.0000000000
50413  41.693  -24.369  53.114 0.0000000000
50414  41.156  -24.567  52.036 0.0000000000
50415  41.759  -24.107  52.358 0.0000000000
50416  41.812  -23.821  51.544 0.0000000000
50417  42.379  -23.604  52.676 0.0000000000
50424  45.223  -20.081  54.571 0.0000000000
50426  45.325  -19.192  53.769 0.0000000000
50431  48.695  -16.488  53.810 0.0000000000
55022  47.815  -17.765  45.074 0.0000000000
55023  48.297  -17.544  45.109 0.0000000000
55024  48.559  -17.272  45.979 0.0000000000
55025  50.254  -16.016  48.315 0.0000000000
55026  49.970  -16.273  47.568 0.0000000000
55027  50.691  -15.816  48.198 0.0000000000
55028  51.162  -15.690  48.108 0.0000000000
55029  51.421  -15.517  48.780 0.0000000000
55030  52.068  -15.336  49.264 0.0000000000
55031  51.625  -15.409  49.422 0.0000000000
55037  34.220  -23.679  45.328 0.0000000000
55038  34.345  -23.655  44.951 0.0000000000
55039  34.506  -24.288  44.990 0.0000000000
55040  35.189  -25.669  45.158 0.0000000000
55041  35.166  -25.180  44.816 0.0000000000
55042  35.632  -25.474  45.043 0.0000000000
55043  36.057  -25.287  44.943 0.0000000000
55044  36.103  -25.697  45.398 0.0000000000
56825  38.287  -18.960  34.973 0.0000000000
56827  38.849  -18.983  34.811 0.0000000000
56828  39.415  -18.977  34.679 0.0000000000
56829  39.489  -19.468  35.161 0.0000000000
56830  40.216  -19.831  35.613 0.0000000000
56831  39.617  -19.855  35.685 0.0000000000
56832  39.317  -20.418  37.057 0.0000000000
56833  39.932  -20.400  37.027 0.0000000000
56834  40.140  -20.514  37.791 0.0000000000
56835  40.991  -20.500  38.638 0.0000000000
56836  40.363  -20.561  38.542 0.0000000000
56837  31.861  -29.253  51.156 0.0000000000
56838  32.504  -29.228  51.386 0.0000000000
56839  32.481  -29.363  52.269 0.0000000000
56840  33.775  -29.797  55.168 0.0000000000
56841  33.748  -29.585  54.277 0.0000000000
56842  34.498  -29.705  55.434 0.0000000000
56843  35.158  -29.603  55.579 0.0000000000
56844  35.215  -29.813  56.474 0.0000000000
58175  35.533  -17.206  52.934 0.0000000000
58176  35.468  -16.559  53.069 0.0000000000
58177  35.187  -17.036  52.382 0.0000000000
58178  34.837  -16.891  51.789 0.0000000000
58179  34.927  -17.551  51.743 0.0000000000
58180  34.646  -18.005  51.066 0.0000000000
58181  34.998  -18.185  51.559 0.0000000000
58182  35.599  -19.706  51.787 0.0000000000
58183  35.301  -19.535  51.275 0.0000000000
58184  35.416  -20.188  51.084 0.0000000000
58185  35.310  -20.640  50.533 0.0000000000
58186  35.501  -20.802  50.893 0.0000000000
58195  29.960  -22.624  54.328 0.0000000000
58196  30.845  -22.735  54.807 0.0000000000
58197  30.266  -22.758  53.889 0.0000000000
58198  30.288  -23.134  52.157 0.0000000000
58199  30.836  -23.046  53.120 0.0000000000
58200  31.139  -23.211  52.726 0.0000000000
58201  31.950  -23.245  53.059 0.0000000000
58202  31.392  -23.361  52.251 0.0000000000
58203  31.685  -23.485  51.870 0.0000000000
58204  30.868  -23.485  51.361 0.0000000000
58205  29.259  -24.100  49.209 0.0000000000
58206  29.940  -23.922  49.628 0.0000000000
58207  29.574  -24.326  48.862 0.0000000000
58208  29.951  -24.543  48.594 0.0000000000
58209  29.322  -24.800  48.274 0.0000000000
58210  29.169  -25.323  47.857 0.0000000000
58211  28.810  -25.151  48.046 0.0000000000
58212  27.509  -25.586  48.154 0.0000000000
58213  27.905  -25.767  47.920 0.0000000000
58214  27.555  -26.166  47.997 0.0000000000
58215  27.652  -26.724  48.009 0.0000000000
58216  27.195  -26.509  48.184 0.0000000000
58217  23.803  -28.812  51.383 0.0000000000
58218  24.265  -28.776  51.280 0.0000000000
58219  24.158  -29.208  51.886 0.0000000000
58220  24.879  -29.940  53.975 0.0000000000
58221  24.910  -29.716  53.168 0.0000000000
58222  25.321  -29.822  53.951 0.0000000000
58223  25.734  -29.730  53.899 0.0000000000
58224  25.769  -29.912  54.831 0.0000000000
58225  26.263  -29.986  55.776 0.0000000000
58226  25.750  -30.059  55.685 0.0000000000
58227  25.350  -30.484  57.578 0.0000000000
58228  25.839  -30.384  57.636 0.0000000000
59949  48.176  -16.285  36.423 0.0000000000
59950  53.149  -15.179  44.737 0.0000000000
59951  52.996  -15.203  44.069 0.0000000000
59952  53.664  -14.972  44.688 0.0000000000
59954  54.463  -14.884  44.423 0.0000000000
59956  54.767  -14.666  43.742 0.0000000000
59995  36.635  -21.707  43.134 0.0000000000
59996  36.075  -21.354  42.664 0.0000000000
59997  36.898  -21.335  43.147 0.0000000000
59998  38.284  -20.491  43.926 0.0000000000
59999  37.533  -20.620  43.226 0.0000000000
60000  37.891  -20.282  43.167 0.0000000000
60001  37.617  -20.268  42.439 0.0000000000
60002  38.356  -20.059  43.155 0.0000000000
60003  38.859  -19.889  43.144 0.0000000000
60004  39.082  -19.838  43.930 0.0000000000
60005  41.029  -19.481  46.807 0.0000000000
60006  40.627  -19.361  45.868 0.0000000000
60007  41.444  -19.107  46.965 0.0000000000
60008  41.934  -18.811  47.089 0.0000000000
60009  42.245  -18.882  47.979 0.0000000000
60010  38.980  -26.952  54.161 0.0000000000
60011  38.960  -26.600  53.373 0.0000000000
60012  39.648  -26.593  54.455 0.0000000000
60013  41.447  -25.712  56.106 0.0000000000
60014  40.863  -25.832  55.004 0.0000000000
60015  41.514  -25.361  55.402 0.0000000000
60016  41.546  -25.040  54.625 0.0000000000
60017  42.071  -24.905  55.699 0.0000000000
65398  27.823  -21.979  55.241 0.0000000000
65402  29.062  -22.240  55.485 0.0000000000
65403  29.381  -22.371  55.043 0.0000000000
65404  28.474  -22.192  54.498 0.0000000000
65405  26.518  -22.674  51.846 0.0000000000
65406  27.352  -22.485  52.393 0.0000000000
65407  26.857  -22.788  51.436 0.0000000000
65408  27.193  -22.931  51.085 0.0000000000
65409  26.468  -23.152  50.677 0.0000000000
65410  26.167  -23.596  50.063 0.0000000000
65411  25.826  -23.490  50.429 0.0000000000
65413  24.715  -24.287  50.181 0.0000000000
67142  46.055  -18.427  37.820 0.0000000000
67143  46.592  -18.139  37.958 0.0000000000
67144  46.797  -18.258  38.816 0.0000000000
67145  48.480  -17.758  41.626 0.0000000000
67146  48.305  -17.786  40.803 0.0000000000
67147  49.022  -17.470  41.729 0.0000000000
67148  49.531  -17.171  41.807 0.0000000000
67149  49.717  -17.097  42.610 0.0000000000
67150  49.282  -17.132  45.101 0.0000000000
67151  49.083  -17.367  44.260 0.0000000000
67152  49.792  -16.891  45.098 0.0000000000
67153  51.423  -15.939  45.780 0.0000000000
67154  50.753  -16.383  45.039 0.0000000000
67155  51.170  -16.150  44.977 0.0000000000
67156  50.972  -16.329  44.152 0.0000000000
67157  51.609  -15.901  44.925 0.0000000000
67158  52.140  -15.627  44.870 0.0000000000
67159  52.348  -15.508  45.530 0.0000000000
67160  53.823  -15.186  47.117 0.0000000000
67161  53.694  -15.143  46.529 0.0000000000
67162  54.197  -15.268  46.887 0.0000000000
67163  54.512  -15.413  46.649 0.0000000000
67187  32.121  -18.680  45.459 0.0000000000
67188  31.942  -18.754  44.818 0.0000000000
67189  32.074  -19.301  45.010 0.0000000000
67190  32.743  -21.178  44.182 0.0000000000
67191  32.380  -20.543  44.069 0.0000000000
67192  32.790  -21.176  43.670 0.0000000000
67193  32.885  -21.107  43.220 0.0000000000
67194  33.319  -21.697  43.310 0.0000000000
67195  34.550  -23.526  44.256 0.0000000000
67196  34.171  -22.907  44.175 0.0000000000
67197  34.736  -23.434  43.910 0.0000000000
67198  36.048  -23.462  43.514 0.0000000000
67199  35.191  -23.128  43.428 0.0000000000
67200  35.467  -22.936  43.268 0.0000000000
67201  34.888  -22.418  43.052 0.0000000000
67202  35.776  -22.665  43.154 0.0000000000
67203  36.103  -22.395  43.099 0.0000000000
67204  36.695  -22.876  43.445 0.0000000000
67205  38.674  -23.437  45.221 0.0000000000
67206  38.275  -23.029  44.570 0.0000000000
67207  39.024  -23.000  45.370 0.0000000000
67208  39.374  -22.525  45.569 0.0000000000
67209  39.732  -22.888  46.231 0.0000000000
72567  43.968  -19.443  37.394 0.0000000000
72568  44.482  -19.223  37.481 0.0000000000
72569  44.710  -19.357  38.348 0.0000000000
72570  45.473  -19.155  39.378 0.0000000000
72571  44.937  -19.427  39.295 0.0000000000
72572  41.790  -20.141  37.113 0.0000000000
72573  42.345  -19.972  37.206 0.0000000000
72574  42.554  -20.109  38.062 0.0000000000
72575  44.294  -19.708  40.923 0.0000000000
72576  44.078  -19.811  40.008 0.0000000000
72577  44.873  -19.491  41.050 0.0000000000
72578  45.394  -19.290  41.113 0.0000000000
72579  45.652  -19.118  42.100 0.0000000000
72580  46.429  -18.685  43.192 0.0000000000
72581  45.886  -18.909  43.083 0.0000000000
72582  45.920  -18.626  44.871 0.0000000000
72583  46.430  -18.419  44.962 0.0000000000
72584  46.672  -18.137  45.917 0.0000000000
72585  47.365  -17.681  46.848 0.0000000000
72586  46.870  -17.919  46.777 0.0000000000
72587  32.924  -27.302  46.730 0.0000000000
72588  33.500  -27.280  46.764 0.0000000000
72589  33.333  -27.587  47.137 0.0000000000
72590  34.061  -28.182  48.930 0.0000000000
72591  34.256  -27.921  48.371 0.0000000000
72592  34.714  -27.973  49.171 0.0000000000
72593  35.292  -27.723  49.377 0.0000000000
72594  35.240  -27.932  50.067 0.0000000000
72595  33.816  -29.025  51.879 0.0000000000
72596  33.888  -28.796  51.093 0.0000000000
72597  34.446  -28.833  52.081 0.0000000000
72598  36.408  -28.529  53.675 0.0000000000
72599  35.739  -28.424  52.628 0.0000000000
72600  36.389  -28.172  52.901 0.0000000000
72601  36.365  -27.873  52.095 0.0000000000
72602  37.032  -27.904  53.178 0.0000000000
72603  37.648  -27.609  53.470 0.0000000000
72604  37.710  -27.938  54.262 0.0000000000
72605  39.017  -28.212  57.017 0.0000000000
72606  39.028  -27.930  56.263 0.0000000000
72607  39.592  -27.819  57.315 0.0000000000
72608  40.130  -27.464  57.645 0.0000000000
72609  40.047  -27.676  58.443 0.0000000000
72610  33.685  -30.519  58.862 0.0000000000
72611  33.787  -30.383  57.963 0.0000000000
72612  34.383  -30.457  59.076 0.0000000000
72614  35.758  -30.325  59.235 0.0000000000
72616  36.553  -30.007  58.556 0.0000000000
76587  33.944  -14.533  46.424 0.0000000000
76588  33.814  -14.543  45.796 0.0000000000
76589  33.522  -15.006  45.995 0.0000000000
76590  33.077  -15.572  45.552 0.0000000000
76591  33.229  -15.511  46.189 0.0000000000
76595  36.744  -12.653  52.163 0.0000000000
76597  36.567  -12.701  51.438 0.0000000000
76598  36.412  -12.745  50.671 0.0000000000
76599  35.978  -13.128  50.887 0.0000000000
76600  35.549  -14.618  52.982 0.0000000000
76602  35.303  -14.557  52.258 0.0000000000
76603  34.510  -14.934  50.223 0.0000000000
76604  34.887  -14.493  50.771 0.0000000000
76605  34.705  -14.458  50.055 0.0000000000
76606  34.990  -14.013  49.888 0.0000000000
76607  34.563  -14.449  49.379 0.0000000000
76608  34.408  -14.462  48.612 0.0000000000
76609  34.122  -14.935  48.760 0.0000000000
76610  33.233  -16.435  47.845 0.0000000000
76611  33.385  -15.911  47.771 0.0000000000
76612  33.022  -16.425  47.213 0.0000000000
76613  32.801  -16.462  46.577 0.0000000000
76614  32.730  -16.975  46.804 0.0000000000
76615  32.448  -17.492  46.338 0.0000000000
76616  32.674  -17.467  46.933 0.0000000000
76617  33.043  -18.639  47.722 0.0000000000
76618  32.785  -18.590  47.204 0.0000000000
76619  32.924  -19.254  47.192 0.0000000000
76620  32.903  -19.887  46.710 0.0000000000
76621  33.154  -19.914  47.178 0.0000000000
76622  34.301  -19.007  49.780 0.0000000000
76623  33.961  -18.895  49.322 0.0000000000
76624  34.178  -19.541  49.231 0.0000000000
76625  34.223  -21.342  47.732 0.0000000000
76626  34.002  -20.688  47.977 0.0000000000
76627  33.971  -21.240  47.353 0.0000000000
76628  33.729  -21.203  46.924 0.0000000000
76629  34.022  -21.870  46.769 0.0000000000
76630  34.051  -22.453  46.212 0.0000000000
76631  34.215  -22.526  46.563 0.0000000000
76632  34.113  -23.891  46.803 0.0000000000
76633  34.159  -23.824  46.411 0.0000000000
76634  33.878  -24.393  46.374 0.0000000000
76635  33.754  -24.870  46.029 0.0000000000
76636  33.459  -24.831  46.323 0.0000000000
76668  32.496  -22.829  55.649 0.0000000000
76669  32.982  -22.707  56.407 0.0000000000
76670  33.262  -22.769  55.971 0.0000000000
76671  34.999  -22.294  55.829 0.0000000000
76672  34.786  -22.307  56.441 0.0000000000
76678  36.230  -21.398  54.195 0.0000000000
76679  36.536  -20.929  54.878 0.0000000000
76680  36.528  -20.742  54.335 0.0000000000
76682  36.429  -20.488  53.870 0.0000000000
76683  36.301  -20.294  53.287 0.0000000000
76684  36.179  -20.984  53.064 0.0000000000
76685  35.264  -22.651  51.503 0.0000000000
76686  35.675  -21.916  51.669 0.0000000000
76687  35.318  -22.461  50.980 0.0000000000
76688  35.308  -22.232  50.427 0.0000000000
76689  34.931  -22.911  50.360 0.0000000000
76690  32.168  -23.702  50.878 0.0000000000
76691  33.029  -23.605  51.246 0.0000000000
76692  32.469  -23.814  50.457 0.0000000000
76693  32.530  -24.195  48.912 0.0000000000
76694  32.998  -23.950  49.516 0.0000000000
76695  33.268  -23.971  49.089 0.0000000000
76696  33.977  -23.679  49.199 0.0000000000
76697  33.437  -23.986  48.603 0.0000000000
76698  33.689  -23.990  48.180 0.0000000000
76699  33.066  -24.330  47.998 0.0000000000
76700  31.879  -25.488  46.856 0.0000000000
76701  32.418  -25.138  46.939 0.0000000000
76702  32.313  -25.605  46.623 0.0000000000
76703  32.682  -25.662  46.358 0.0000000000
76704  32.328  -26.128  46.424 0.0000000000
76705  32.455  -26.512  46.419 0.0000000000
76706  31.957  -26.449  46.511 0.0000000000
76707  30.945  -27.089  46.940 0.0000000000
76708  31.423  -27.196  46.871 0.0000000000
76709  31.163  -27.525  47.084 0.0000000000
76710  31.477  -27.926  47.386 0.0000000000
76711  30.972  -27.851  47.413 0.0000000000
76712  29.203  -26.498  47.444 0.0000000000
76713  29.578  -26.659  47.288 0.0000000000
76714  29.322  -27.025  47.408 0.0000000000
76715  29.586  -28.231  48.279 0.0000000000
76716  29.759  -27.935  47.843 0.0000000000
76717  30.057  -28.320  48.216 0.0000000000
76718  30.610  -28.417  48.217 0.0000000000
76719  30.474  -28.666  48.789 0.0000000000
76720  30.894  -28.951  49.423 0.0000000000
76721  30.300  -28.910  49.321 0.0000000000
76722  29.521  -29.207  50.697 0.0000000000
76723  30.083  -29.255  50.758 0.0000000000
76724  30.034  -29.390  51.584 0.0000000000
76725  30.643  -29.563  52.657 0.0000000000
76726  30.073  -29.568  52.567 0.0000000000
76727  25.918  -24.704  49.193 0.0000000000
76728  26.285  -24.855  48.891 0.0000000000
76729  25.865  -25.324  48.926 0.0000000000
76730  25.795  -26.916  49.136 0.0000000000
76731  26.010  -26.466  48.830 0.0000000000
76732  26.207  -27.045  48.952 0.0000000000
76733  26.657  -27.165  48.759 0.0000000000
76734  26.455  -27.570  49.195 0.0000000000
76735  25.133  -28.659  51.045 0.0000000000
76736  25.210  -28.172  50.433 0.0000000000
76737  25.564  -28.611  50.933 0.0000000000
76738  26.954  -29.056  51.464 0.0000000000
76739  26.534  -28.711  50.814 0.0000000000
76740  27.042  -28.778  50.739 0.0000000000
76741  27.113  -28.507  50.080 0.0000000000
76742  27.465  -28.881  50.668 0.0000000000
76743  28.013  -28.994  50.677 0.0000000000
76744  27.934  -29.186  51.437 0.0000000000
76745  28.939  -29.848  54.231 0.0000000000
76746  28.981  -29.708  53.295 0.0000000000
76747  29.541  -29.921  54.277 0.0000000000
76748  30.072  -29.992  54.327 0.0000000000
76749  30.060  -30.075  55.219 0.0000000000
76750  30.610  -30.193  56.221 0.0000000000
76751  30.048  -30.203  56.224 0.0000000000
76752  29.438  -30.313  58.022 0.0000000000
76753  29.994  -30.375  58.184 0.0000000000
76757  27.319  -30.206  57.792 0.0000000000
76758  27.872  -30.209  57.877 0.0000000000
81925  47.637  -17.505  38.280 0.0000000000
81926  47.379  -17.368  37.478 0.0000000000
81927  48.160  -17.184  38.452 0.0000000000
81928  50.007  -16.292  39.636 0.0000000000
81929  49.233  -16.511  38.788 0.0000000000
81930  49.789  -16.154  38.937 0.0000000000
81931  49.577  -15.986  38.245 0.0000000000
81932  50.337  -15.789  39.087 0.0000000000
81933  52.746  -15.197  42.713 0.0000000000
81934  52.107  -15.469  42.013 0.0000000000
81935  52.614  -15.131  42.093 0.0000000000
81936  52.875  -14.537  41.069 0.0000000000
81937  52.347  -14.907  40.918 0.0000000000
81938  52.205  -14.764  40.306 0.0000000000
81939  51.516  -14.999  39.490 0.0000000000
81940  52.080  -14.602  39.723 0.0000000000
81941  51.880  -14.488  39.071 0.0000000000
81942  52.630  -14.222  39.953 0.0000000000
82060  31.843  -18.889  43.556 0.0000000000
82068  35.084  -20.800  41.566 0.0000000000
82069  34.296  -20.624  41.317 0.0000000000
82070  34.684  -20.539  41.006 0.0000000000
82085  39.259  -20.468  40.019 0.0000000000
82086  39.102  -20.564  39.294 0.0000000000
82087  39.942  -20.466  40.075 0.0000000000
82088  40.588  -20.451  40.135 0.0000000000
82089  40.782  -20.266  40.974 0.0000000000
82090  40.051  -19.649  43.265 0.0000000000
82091  39.857  -19.881  42.367 0.0000000000
82092  40.688  -19.538  43.410 0.0000000000
82093  42.777  -19.032  44.839 0.0000000000
82094  42.026  -19.335  43.805 0.0000000000
82095  42.620  -19.291  43.902 0.0000000000
82096  42.420  -19.549  43.068 0.0000000000
82097  43.292  -19.209  44.158 0.0000000000
82098  43.974  -19.133  44.392 0.0000000000
82099  44.169  -18.816  45.311 0.0000000000
82100  45.802  -17.817  48.355 0.0000000000
82101  45.770  -18.071  47.543 0.0000000000
82102  46.483  -17.637  48.501 0.0000000000
82103  47.107  -17.418  48.440 0.0000000000
82104  47.101  -17.246  49.284 0.0000000000
82105  34.729  -27.117  46.859 0.0000000000
82106  34.895  -26.784  46.402 0.0000000000
82107  35.302  -26.942  46.928 0.0000000000
82108  36.852  -26.460  47.921 0.0000000000
82109  36.411  -26.521  47.110 0.0000000000
82110  36.975  -26.234  47.255 0.0000000000
82111  37.069  -25.931  46.604 0.0000000000
82112  37.528  -25.911  47.418 0.0000000000
82113  39.017  -25.983  51.874 0.0000000000
82114  38.365  -26.146  50.752 0.0000000000
82115  39.013  -25.799  51.054 0.0000000000
82116  39.836  -24.976  49.818 0.0000000000
82117  39.206  -25.365  49.566 0.0000000000
82118  39.213  -25.124  48.784 0.0000000000
82119  38.628  -25.242  47.863 0.0000000000
82120  39.248  -24.823  48.137 0.0000000000
82121  39.181  -24.515  47.310 0.0000000000
82122  39.820  -24.403  48.361 0.0000000000
82123  41.709  -23.258  49.989 0.0000000000
82124  40.981  -23.467  48.882 0.0000000000
82125  41.539  -22.940  49.135 0.0000000000
82126  41.231  -22.600  48.283 0.0000000000
82127  42.025  -22.370  49.351 0.0000000000
82133  43.372  -23.625  57.323 0.0000000000
82134  43.072  -23.874  56.381 0.0000000000
82135  43.545  -23.316  56.697 0.0000000000
82141  44.368  -22.022  55.656 0.0000000000
82142  43.887  -22.600  55.333 0.0000000000
82143  44.023  -22.235  54.546 0.0000000000
82144  43.575  -22.483  53.365 0.0000000000
82145  44.085  -21.876  53.731 0.0000000000
82146  44.318  -20.564  52.272 0.0000000000
82147  44.001  -21.177  52.024 0.0000000000
82148  43.640  -20.841  51.073 0.0000000000
82149  42.822  -21.196  49.862 0.0000000000
82150  43.114  -20.593  50.115 0.0000000000
82151  42.588  -20.281  49.263 0.0000000000
82152  43.378  -20.000  50.388 0.0000000000
82153  44.610  -18.682  51.826 0.0000000000
82154  43.898  -18.926  50.834 0.0000000000
82155  44.179  -18.503  50.973 0.0000000000
82156  43.762  -18.375  50.042 0.0000000000
82157  44.584  -18.094  51.137 0.0000000000
82161  46.970  -16.979  53.232 0.0000000000
82162  46.437  -17.251  53.160 0.0000000000
82163  46.341  -17.183  52.389 0.0000000000
82164  45.546  -17.469  51.407 0.0000000000
82165  46.138  -17.190  51.571 0.0000000000
82166  46.003  -17.259  50.815 0.0000000000
82167  46.686  -16.993  51.668 0.0000000000
82168  48.588  -16.341  52.308 0.0000000000
82169  47.917  -16.606  51.681 0.0000000000
82170  48.508  -16.410  51.556 0.0000000000
82171  48.504  -16.499  50.827 0.0000000000
82172  49.165  -16.196  51.418 0.0000000000
82173  49.810  -16.009  51.255 0.0000000000
92918  48.311  -17.188  46.825 0.0000000000
92919  48.831  -16.974  46.837 0.0000000000
92920  49.063  -16.673  47.634 0.0000000000
92921  49.771  -16.223  48.349 0.0000000000
92922  50.473  -15.811  48.973 0.0000000000
92923  51.151  -15.509  49.539 0.0000000000
92924  50.599  -15.718  49.571 0.0000000000
92925  50.853  -15.662  50.253 0.0000000000
92927  34.234  -24.857  45.447 0.0000000000
92928  34.528  -24.821  45.093 0.0000000000
92929  34.426  -25.339  45.321 0.0000000000
92930  34.755  -25.739  45.347 0.0000000000
92931  35.131  -26.083  45.516 0.0000000000
94002  38.342  -19.440  35.425 0.0000000000
94003  38.988  -19.848  35.790 0.0000000000
94004  38.396  -19.821  35.915 0.0000000000
94005  38.562  -20.170  36.479 0.0000000000
94006  38.696  -20.389  37.084 0.0000000000
94007  31.692  -29.497  52.835 0.0000000000
94008  32.378  -29.528  52.980 0.0000000000
94009  32.427  -29.700  53.894 0.0000000000
94010  33.097  -29.869  54.916 0.0000000000
94011  33.781  -29.993  56.015 0.0000000000
94808  36.427  -16.392  54.866 0.0000000000
94809  36.083  -16.211  54.313 0.0000000000
94810  36.130  -16.905  54.161 0.0000000000
94811  35.864  -17.377  53.471 0.0000000000
94812  35.560  -17.859  52.730 0.0000000000
94813  35.367  -18.395  52.098 0.0000000000
94814  35.744  -18.576  52.668 0.0000000000
94815  35.819  -19.257  52.503 0.0000000000
94816  35.876  -19.880  52.258 0.0000000000
94822  28.836  -22.740  52.382 0.0000000000
94823  29.695  -22.787  52.954 0.0000000000
94824  29.139  -22.921  51.932 0.0000000000
94825  29.441  -23.078  51.581 0.0000000000
94826  29.772  -23.288  51.221 0.0000000000
94827  30.045  -23.428  50.957 0.0000000000
94828  29.304  -23.481  50.376 0.0000000000
94829  28.911  -23.875  49.486 0.0000000000
94830  28.641  -24.395  48.785 0.0000000000
94831  28.448  -24.913  48.269 0.0000000000
94832  28.100  -24.692  48.543 0.0000000000
94833  27.573  -25.007  48.418 0.0000000000
94834  27.104  -25.294  48.375 0.0000000000
94835  23.675  -29.727  52.613 0.0000000000
94836  24.083  -29.619  52.522 0.0000000000
94837  24.054  -29.951  53.239 0.0000000000
94838  24.446  -30.104  53.950 0.0000000000
94839  24.862  -30.176  54.821 0.0000000000
94840  25.325  -30.210  55.739 0.0000000000
94841  24.871  -30.343  55.688 0.0000000000
94842  24.867  -30.501  56.624 0.0000000000
95874  47.063  -16.923  35.995 0.0000000000
95875  54.341  -15.102  45.672 0.0000000000
95876  54.244  -15.002  45.145 0.0000000000
95877  54.686  -15.182  45.455 0.0000000000
95902  38.346  -21.723  44.318 0.0000000000
95903  37.753  -21.305  43.782 0.0000000000
95904  38.595  -21.236  44.498 0.0000000000
95905  38.852  -20.781  44.645 0.0000000000
95906  39.068  -20.347  44.706 0.0000000000
95907  39.446  -19.933  44.796 0.0000000000
95908  39.881  -20.155  45.662 0.0000000000
95909  40.672  -19.955  46.601 0.0000000000
95910  41.472  -19.713  47.607 0.0000000000
95911  40.227  -26.870  56.283 0.0000000000
95912  40.266  -26.562  55.489 0.0000000000
95913  40.859  -26.486  56.543 0.0000000000
95914  41.391  -26.059  56.820 0.0000000000
95915  41.910  -25.584  57.131 0.0000000000
99145  26.913  -21.910  54.708 0.0000000000
99146  27.215  -22.082  54.188 0.0000000000
99147  27.541  -22.201  53.737 0.0000000000
99148  26.647  -22.244  53.217 0.0000000000
99149  26.154  -22.518  52.287 0.0000000000
99150  25.752  -22.908  51.492 0.0000000000
99151  25.446  -23.337  50.822 0.0000000000
99152  25.063  -23.267  51.159 0.0000000000
100190  46.481  -18.610  39.544 0.0000000000
100191  47.035  -18.326  39.702 0.0000000000
100192  47.240  -18.328  40.602 0.0000000000
100193  47.944  -18.031  41.554 0.0000000000
100194  48.715  -17.646  42.533 0.0000000000
100195  50.747  -16.139  46.711 0.0000000000
100196  50.530  -16.413  45.915 0.0000000000
100197  51.209  -15.948  46.632 0.0000000000
100198  51.664  -15.739  46.509 0.0000000000
100199  52.090  -15.537  46.346 0.0000000000
100200  52.539  -15.378  46.213 0.0000000000
100201  52.747  -15.292  46.888 0.0000000000
100202  53.393  -15.206  47.335 0.0000000000
100217  32.480  -19.853  45.729 0.0000000000
100218  32.289  -19.900  45.107 0.0000000000
100219  32.575  -20.481  45.223 0.0000000000
100220  32.756  -21.124  44.692 0.0000000000
100221  33.155  -21.735  44.253 0.0000000000
100222  35.823  -24.397  44.137 0.0000000000
100223  35.371  -23.838  43.845 0.0000000000
100224  36.121  -24.187  43.989 0.0000000000
100225  36.464  -23.969  43.886 0.0000000000
100226  36.870  -23.698  43.850 0.0000000000
100227  37.208  -23.347  43.884 0.0000000000
100228  37.554  -23.814  44.364 0.0000000000
100229  38.251  -23.873  45.056 0.0000000000
100230  38.913  -23.822  45.844 0.0000000000
103446  43.262  -19.434  36.529 0.0000000000
103447  43.453  -19.642  37.318 0.0000000000
103448  42.171  -20.327  38.816 0.0000000000
103449  42.756  -20.183  38.911 0.0000000000
103450  42.965  -20.183  39.758 0.0000000000
103451  43.730  -19.908  40.782 0.0000000000
103452  44.542  -19.512  41.892 0.0000000000
103453  45.346  -19.130  42.961 0.0000000000
103454  44.782  -19.327  42.832 0.0000000000
103455  45.080  -19.127  43.802 0.0000000000
103456  45.362  -18.850  44.724 0.0000000000
103457  32.604  -27.949  47.459 0.0000000000
103458  33.163  -27.895  47.556 0.0000000000
103459  32.967  -28.158  48.025 0.0000000000
103460  33.487  -28.320  48.760 0.0000000000
103461  34.010  -28.397  49.561 0.0000000000
103462  35.129  -29.183  53.987 0.0000000000
103463  35.122  -28.902  53.206 0.0000000000
103464  35.776  -28.983  54.228 0.0000000000
103465  36.442  -28.774  54.502 0.0000000000
103466  37.100  -28.552  54.757 0.0000000000
103467  37.737  -28.275  54.977 0.0000000000
103468  37.757  -28.558  55.711 0.0000000000
103469  38.419  -28.547  56.724 0.0000000000
103470  39.037  -28.459  57.836 0.0000000000
105854  35.818  -12.775  47.107 0.0000000000
105855  35.254  -13.170  46.601 0.0000000000
105856  34.668  -13.595  46.075 0.0000000000
105857  34.785  -13.581  46.737 0.0000000000
105858  34.423  -14.058  46.936 0.0000000000
105859  34.073  -14.510  47.069 0.0000000000
105865  34.863  -15.642  51.766 0.0000000000
105866  34.909  -15.057  51.597 0.0000000000
105867  34.612  -15.538  51.047 0.0000000000
105868  34.364  -15.466  50.318 0.0000000000
105869  34.163  -15.411  49.673 0.0000000000
105870  33.949  -15.402  48.962 0.0000000000
105871  33.801  -15.907  49.102 0.0000000000
105872  33.462  -16.445  48.538 0.0000000000
105873  33.164  -16.949  48.049 0.0000000000
105874  32.902  -17.466  47.506 0.0000000000
105875  33.167  -17.498  48.100 0.0000000000
105876  33.203  -18.086  48.220 0.0000000000
105877  33.308  -18.694  48.256 0.0000000000
105878  34.702  -20.343  49.522 0.0000000000
105879  34.366  -20.205  49.037 0.0000000000
105880  34.591  -20.860  48.873 0.0000000000
105881  34.475  -21.440  48.157 0.0000000000
105882  34.396  -22.024  47.494 0.0000000000
105883  34.356  -22.614  46.966 0.0000000000
105884  34.481  -22.683  47.390 0.0000000000
105885  34.362  -23.344  47.334 0.0000000000
105886  34.010  -23.928  47.208 0.0000000000
105906  33.032  -22.926  54.704 0.0000000000
105907  33.591  -22.808  55.538 0.0000000000
105908  33.829  -22.848  54.975 0.0000000000
105909  34.601  -22.620  55.025 0.0000000000
105910  35.258  -22.221  55.206 0.0000000000
105911  35.889  -21.702  55.420 0.0000000000
105912  35.522  -22.182  54.661 0.0000000000
105913  35.759  -22.077  54.048 0.0000000000
105914  35.914  -21.898  53.447 0.0000000000
105915  35.985  -21.660  52.958 0.0000000000
105916  35.543  -22.371  52.790 0.0000000000
105917  35.089  -22.818  52.119 0.0000000000
105918  34.604  -23.173  51.512 0.0000000000
105919  31.224  -24.201  49.260 0.0000000000
105920  31.948  -24.052  49.647 0.0000000000
105921  31.488  -24.333  48.879 0.0000000000
105922  31.778  -24.479  48.457 0.0000000000
105923  32.090  -24.537  48.168 0.0000000000
105924  32.388  -24.616  47.854 0.0000000000
105925  31.756  -24.961  47.508 0.0000000000
105926  31.529  -25.386  47.098 0.0000000000
105927  31.451  -25.865  46.805 0.0000000000
105928  31.531  -26.386  46.671 0.0000000000
105929  31.081  -26.256  46.823 0.0000000000
105930  30.751  -26.654  46.886 0.0000000000
105931  30.498  -26.975  47.019 0.0000000000
105932  28.541  -27.129  47.760 0.0000000000
105933  29.018  -27.333  47.670 0.0000000000
105934  28.749  -27.617  47.953 0.0000000000
105935  29.049  -28.108  48.292 0.0000000000
105936  29.399  -28.505  48.737 0.0000000000
105937  29.758  -28.810  49.276 0.0000000000
105938  29.176  -28.719  49.227 0.0000000000
105939  29.070  -28.937  49.916 0.0000000000
105940  29.001  -29.142  50.661 0.0000000000
105941  25.066  -25.640  49.279 0.0000000000
105942  25.480  -25.726  49.061 0.0000000000
105943  25.180  -26.242  49.242 0.0000000000
105944  25.338  -26.767  49.310 0.0000000000
105945  25.569  -27.346  49.511 0.0000000000
105946  25.909  -29.294  52.377 0.0000000000
105947  25.969  -28.999  51.576 0.0000000000
105948  26.396  -29.283  52.303 0.0000000000
105949  26.901  -29.312  52.265 0.0000000000
105950  27.411  -29.353  52.278 0.0000000000
105951  27.914  -29.398  52.343 0.0000000000
105952  27.933  -29.605  53.220 0.0000000000
105953  28.416  -29.802  54.165 0.0000000000
105954  28.985  -29.982  55.181 0.0000000000
105955  29.527  -30.143  56.158 0.0000000000
105956  28.947  -30.084  56.048 0.0000000000
105957  28.949  -30.191  57.086 0.0000000000
105958  28.938  -30.256  58.082 0.0000000000
109060  49.099  -17.158  40.091 0.0000000000
109061  48.917  -17.022  39.360 0.0000000000
109062  49.644  -16.800  40.197 0.0000000000
109063  50.202  -16.434  40.321 0.0000000000
109064  50.762  -16.058  40.454 0.0000000000
109065  53.759  -14.594  42.832 0.0000000000
109066  53.114  -14.793  42.205 0.0000000000
109067  53.624  -14.493  42.304 0.0000000000
109068  53.539  -14.329  41.792 0.0000000000
109069  53.391  -14.171  41.230 0.0000000000
109070  53.293  -13.998  40.713 0.0000000000
109071  53.932  -13.849  41.408 0.0000000000
109141  32.258  -19.985  42.802 0.0000000000
109146  35.978  -20.525  41.148 0.0000000000
109147  35.127  -20.474  40.759 0.0000000000
109148  35.642  -20.405  40.535 0.0000000000
109149  35.339  -20.232  39.911 0.0000000000
109154  36.908  -20.308  38.754 0.0000000000
109155  37.600  -20.424  38.646 0.0000000000
109156  37.702  -20.453  39.302 0.0000000000
109157  38.604  -20.448  40.001 0.0000000000
109158  39.469  -20.324  40.774 0.0000000000
109159  41.615  -18.975  45.301 0.0000000000
109160  41.491  -19.178  44.445 0.0000000000
109161  42.270  -18.867  45.531 0.0000000000
109162  42.942  -18.754  45.752 0.0000000000
109163  43.614  -18.667  45.982 0.0000000000
109164  44.316  -18.586  46.230 0.0000000000
109165  44.419  -18.301  47.142 0.0000000000
109166  45.148  -17.931  48.212 0.0000000000
109167  45.781  -17.582  49.134 0.0000000000
109168  35.538  -27.250  48.174 0.0000000000
109169  35.696  -27.007  47.576 0.0000000000
109170  36.109  -26.998  48.330 0.0000000000
109171  36.685  -26.717  48.499 0.0000000000
109172  37.362  -26.389  48.811 0.0000000000
109173  40.340  -25.243  52.437 0.0000000000
109174  39.725  -25.395  51.373 0.0000000000
109175  40.452  -25.001  51.666 0.0000000000
109176  40.514  -24.788  50.970 0.0000000000
109177  40.498  -24.539  50.117 0.0000000000
109178  40.455  -24.278  49.396 0.0000000000
109179  41.131  -24.083  50.430 0.0000000000
109180  41.806  -23.548  50.777 0.0000000000
109181  42.430  -22.996  51.108 0.0000000000
109192  44.557  -21.277  54.069 0.0000000000
109193  44.934  -20.684  54.392 0.0000000000
109194  44.864  -20.306  53.486 0.0000000000
109195  44.541  -19.996  52.497 0.0000000000
109196  44.137  -19.696  51.555 0.0000000000
109197  44.815  -19.433  52.666 0.0000000000
109198  45.025  -18.909  52.794 0.0000000000
109199  45.331  -18.403  52.910 0.0000000000
109203  47.622  -16.857  54.047 0.0000000000
109204  47.556  -16.767  53.260 0.0000000000
109205  47.444  -16.712  52.542 0.0000000000
109206  48.099  -16.556  53.218 0.0000000000
109207  48.614  -16.388  53.041 0.0000000000
109208  49.188  -16.235  52.838 0.0000000000
116966  47.398  -18.274  43.230 0.0000000000
116967  47.906  -18.041  43.269 0.0000000000
116968  48.123  -17.821  44.191 0.0000000000
116969  48.791  -17.349  45.131 0.0000000000
116970  49.538  -16.835  45.990 0.0000000000
116971  49.285  -16.765  46.810 0.0000000000
116972  49.732  -16.564  46.772 0.0000000000
116973  50.217  -16.359  46.731 0.0000000000
116974  50.936  -15.891  47.429 0.0000000000
116975  51.645  -15.528  48.014 0.0000000000
116976  52.330  -15.294  48.486 0.0000000000
116978  52.503  -15.285  49.088 0.0000000000
116979  52.638  -15.385  49.600 0.0000000000
116981  51.788  -15.411  49.992 0.0000000000
116987  33.779  -22.339  45.495 0.0000000000
116988  33.679  -22.343  45.053 0.0000000000
116989  34.048  -22.959  44.993 0.0000000000
116990  34.439  -23.581  44.584 0.0000000000
116991  34.892  -24.133  44.357 0.0000000000
116992  34.819  -24.796  44.807 0.0000000000
116993  35.096  -24.681  44.562 0.0000000000
116994  35.425  -24.552  44.335 0.0000000000
116995  35.970  -24.853  44.517 0.0000000000
116996  36.518  -25.080  44.874 0.0000000000
116997  37.055  -25.237  45.397 0.0000000000
119495  39.963  -18.945  34.571 0.0000000000
119496  40.643  -19.349  35.041 0.0000000000
119497  41.379  -19.630  35.635 0.0000000000
119498  40.801  -19.742  35.609 0.0000000000
119499  40.981  -20.040  36.292 0.0000000000
119500  41.155  -20.242  37.063 0.0000000000
119501  39.756  -20.163  36.320 0.0000000000
119502  40.552  -20.331  37.039 0.0000000000
119503  41.382  -20.390  37.898 0.0000000000
119504  41.585  -20.433  38.706 0.0000000000
119505  41.850  -20.380  39.594 0.0000000000
119506  42.013  -20.270  40.461 0.0000000000
119507  31.999  -28.931  49.546 0.0000000000
119508  32.678  -28.882  49.829 0.0000000000
119509  32.584  -29.079  50.579 0.0000000000
119510  33.174  -29.144  51.680 0.0000000000
119511  33.798  -29.226  52.711 0.0000000000
119512  33.093  -29.468  53.257 0.0000000000
119513  33.777  -29.419  53.478 0.0000000000
119514  34.473  -29.312  53.725 0.0000000000
119515  35.178  -29.392  54.763 0.0000000000
119516  35.927  -29.505  55.838 0.0000000000
119517  36.580  -29.586  56.790 0.0000000000
121375  36.160  -12.816  49.239 0.0000000000
121380  35.480  -15.238  53.130 0.0000000000
121381  35.722  -16.047  53.725 0.0000000000
121382  35.413  -15.894  53.100 0.0000000000
121383  35.110  -15.765  52.423 0.0000000000
121384  34.805  -16.230  51.806 0.0000000000
121385  34.538  -16.735  51.220 0.0000000000
121386  34.239  -17.237  50.513 0.0000000000
121387  33.974  -17.745  49.902 0.0000000000
121388  34.327  -17.859  50.533 0.0000000000
121389  34.442  -18.529  50.383 0.0000000000
121390  34.671  -19.167  50.307 0.0000000000
121391  35.184  -18.871  51.510 0.0000000000
121392  35.029  -19.358  50.820 0.0000000000
121393  34.872  -19.847  50.176 0.0000000000
121394  35.014  -20.497  49.991 0.0000000000
121395  35.088  -21.145  49.725 0.0000000000
121396  35.128  -21.828  49.537 0.0000000000
121408  31.103  -22.587  56.108 0.0000000000
121409  31.880  -22.670  56.391 0.0000000000
121410  31.384  -22.710  55.632 0.0000000000
121411  31.646  -22.827  55.229 0.0000000000
121412  31.959  -22.896  54.825 0.0000000000
121413  30.557  -22.901  53.497 0.0000000000
121414  31.421  -22.983  54.031 0.0000000000
121415  32.236  -23.000  54.322 0.0000000000
121416  32.521  -23.093  53.874 0.0000000000
121417  32.719  -23.190  53.362 0.0000000000
121418  33.048  -23.299  52.854 0.0000000000
121419  33.279  -23.378  52.350 0.0000000000
121420  32.425  -23.454  52.075 0.0000000000
121421  31.853  -23.636  51.285 0.0000000000
121422  31.415  -23.800  50.492 0.0000000000
121423  30.387  -23.645  50.481 0.0000000000
121424  30.657  -23.816  50.157 0.0000000000
121425  30.949  -24.000  49.719 0.0000000000
121426  30.533  -24.300  48.910 0.0000000000
121427  30.226  -24.760  48.198 0.0000000000
121428  30.060  -25.251  47.768 0.0000000000
121429  29.958  -25.803  47.353 0.0000000000
121430  29.555  -25.560  47.605 0.0000000000
121431  29.169  -25.945  47.578 0.0000000000
121432  28.784  -26.282  47.548 0.0000000000
121433  28.361  -25.442  47.961 0.0000000000
121434  28.341  -25.999  47.767 0.0000000000
121435  28.391  -26.539  47.676 0.0000000000
121436  28.042  -26.910  47.850 0.0000000000
121437  27.796  -27.212  48.133 0.0000000000
121438  27.580  -27.579  48.494 0.0000000000
121439  24.067  -27.741  50.439 0.0000000000
121440  24.475  -27.699  50.240 0.0000000000
121441  24.351  -28.265  50.700 0.0000000000
121442  24.669  -28.676  51.137 0.0000000000
121443  25.041  -29.031  51.711 0.0000000000
121444  24.537  -29.538  52.490 0.0000000000
121445  24.973  -29.395  52.412 0.0000000000
121446  25.441  -29.332  52.375 0.0000000000
121447  25.867  -29.540  53.144 0.0000000000
121448  26.312  -29.680  53.978 0.0000000000
121449  26.782  -29.791  54.886 0.0000000000
121450  27.320  -29.933  55.886 0.0000000000
121451  26.761  -29.941  55.790 0.0000000000
121452  26.782  -30.070  56.747 0.0000000000
121453  26.830  -30.237  57.729 0.0000000000
121454  25.811  -30.234  56.695 0.0000000000
121455  26.334  -30.299  57.721 0.0000000000
123864  49.309  -15.664  36.862 0.0000000000
123865  51.846  -15.826  43.365 0.0000000000
123866  51.687  -15.869  42.663 0.0000000000
123867  52.339  -15.508  43.415 0.0000000000
123868  52.886  -15.212  43.399 0.0000000000
123869  53.386  -14.959  43.375 0.0000000000
123870  54.057  -14.887  44.585 0.0000000000
123871  53.961  -14.832  43.932 0.0000000000
123872  53.829  -14.744  43.360 0.0000000000
123873  54.311  -14.550  43.334 0.0000000000
123874  54.735  -14.441  43.297 0.0000000000
123928  34.807  -21.515  42.433 0.0000000000
123929  34.325  -21.117  42.050 0.0000000000
123930  35.198  -21.303  42.297 0.0000000000
123931  35.575  -21.059  42.131 0.0000000000
123932  35.942  -20.837  41.990 0.0000000000
123933  37.242  -20.972  43.209 0.0000000000
123934  36.747  -20.746  42.537 0.0000000000
123935  36.341  -20.626  41.844 0.0000000000
123936  36.817  -20.450  41.735 0.0000000000
123937  37.340  -20.286  41.610 0.0000000000
123938  37.886  -20.231  41.530 0.0000000000
123939  38.472  -20.187  41.488 0.0000000000
123940  38.696  -20.002  42.317 0.0000000000
123941  39.427  -19.736  43.167 0.0000000000
123942  40.222  -19.438  44.120 0.0000000000
123943  39.873  -19.604  44.859 0.0000000000
123944  40.385  -19.342  44.950 0.0000000000
123945  40.949  -19.152  45.064 0.0000000000
123946  41.753  -18.843  46.169 0.0000000000
123947  42.515  -18.535  47.260 0.0000000000
123948  43.256  -18.259  48.296 0.0000000000
123949  37.699  -26.937  52.055 0.0000000000
123950  37.666  -26.676  51.197 0.0000000000
123951  38.302  -26.583  52.327 0.0000000000
123952  38.952  -26.247  52.657 0.0000000000
123953  39.622  -25.901  52.924 0.0000000000
123954  40.225  -26.216  54.690 0.0000000000
123955  40.293  -25.863  53.989 0.0000000000
123956  40.304  -25.537  53.229 0.0000000000
123957  40.965  -25.127  53.559 0.0000000000
123958  41.604  -24.682  53.895 0.0000000000
123959  42.206  -24.246  54.204 0.0000000000
129497  31.735  -30.264  56.369 0.0000000000
129498  32.430  -30.272  56.609 0.0000000000
129499  32.362  -30.389  57.519 0.0000000000
129500  32.988  -30.503  58.695 0.0000000000
131226  30.761  -22.480  56.411 0.0000000000
131227  30.190  -22.496  55.516 0.0000000000
131228  29.656  -22.459  54.691 0.0000000000
131229  29.097  -22.492  53.691 0.0000000000
131230  27.892  -22.290  53.467 0.0000000000
131231  28.199  -22.428  53.088 0.0000000000
131232  28.537  -22.578  52.690 0.0000000000
131233  28.019  -22.707  51.675 0.0000000000
131234  27.624  -23.003  50.826 0.0000000000
131235  27.236  -23.455  50.042 0.0000000000
131236  26.961  -23.935  49.428 0.0000000000
131237  26.574  -23.765  49.747 0.0000000000
131238  25.998  -24.118  49.562 0.0000000000
131239  25.461  -24.604  49.415 0.0000000000
131240  25.228  -23.836  50.240 0.0000000000
131241  25.092  -24.434  49.797 0.0000000000
131242  25.019  -25.042  49.458 0.0000000000
131243  24.651  -25.524  49.581 0.0000000000
131255  23.660  -27.761  50.645 0.0000000000
131256  23.494  -28.368  51.068 0.0000000000
131257  23.399  -28.888  51.550 0.0000000000
131260  23.334  -29.447  52.097 0.0000000000
131261  23.244  -29.871  52.750 0.0000000000
131262  23.205  -30.289  53.513 0.0000000000
133430  45.651  -18.004  36.225 0.0000000000
133431  46.179  -17.725  36.402 0.0000000000
133432  46.382  -17.955  37.176 0.0000000000
133433  47.119  -17.840  38.111 0.0000000000
133434  47.823  -17.691  39.040 0.0000000000
133435  47.548  -18.067  39.808 0.0000000000
133436  48.055  -17.782  39.899 0.0000000000
133437  48.568  -17.478  39.987 0.0000000000
133438  49.312  -17.202  40.945 0.0000000000
133439  50.035  -16.857  41.847 0.0000000000
133440  50.697  -16.486  42.603 0.0000000000
133441  48.426  -17.792  43.350 0.0000000000
133442  48.916  -17.545  43.395 0.0000000000
133443  49.404  -17.279  43.437 0.0000000000
133444  50.295  -16.639  45.091 0.0000000000
133445  50.072  -16.846  44.263 0.0000000000
133446  49.888  -17.005  43.424 0.0000000000
133447  50.358  -16.714  43.384 0.0000000000
133448  50.831  -16.414  43.381 0.0000000000
133449  51.341  -16.122  43.363 0.0000000000
133450  51.982  -15.764  44.122 0.0000000000
133451  52.650  -15.392  44.811 0.0000000000
133452  53.330  -15.153  45.390 0.0000000000
133453  53.021  -15.255  46.066 0.0000000000
133454  53.473  -15.160  45.930 0.0000000000
133455  53.917  -15.081  45.846 0.0000000000
133456  54.435  -15.227  46.170 0.0000000000
133457  54.782  -15.587  46.384 0.0000000000
133487  32.098  -17.647  45.106 0.0000000000
133488  31.970  -17.719  44.406 0.0000000000
133489  31.914  -18.205  44.643 0.0000000000
133490  31.877  -18.817  44.189 0.0000000000
133491  31.943  -19.391  43.777 0.0000000000
133492  32.156  -19.924  44.517 0.0000000000
133493  32.126  -19.973  43.957 0.0000000000
133494  32.161  -19.986  43.375 0.0000000000
133495  32.546  -20.528  43.056 0.0000000000
133496  33.047  -21.041  42.778 0.0000000000
133497  33.689  -21.444  42.625 0.0000000000
133498  33.669  -22.337  44.607 0.0000000000
133499  33.676  -22.312  44.227 0.0000000000
133500  33.708  -22.274  43.867 0.0000000000
133501  34.960  -23.282  43.639 0.0000000000
133502  34.408  -22.741  43.536 0.0000000000
133503  33.833  -22.224  43.469 0.0000000000
133504  34.013  -22.101  43.109 0.0000000000
133505  34.239  -21.947  42.845 0.0000000000
133506  34.521  -21.736  42.624 0.0000000000
133507  35.404  -21.979  42.759 0.0000000000
133508  36.368  -22.074  43.105 0.0000000000
133509  37.259  -22.119  43.561 0.0000000000
133510  37.555  -22.983  43.949 0.0000000000
133511  37.891  -22.568  44.069 0.0000000000
133512  38.143  -22.162  44.190 0.0000000000
133513  38.933  -22.103  44.931 0.0000000000
133514  39.667  -22.027  45.726 0.0000000000
133515  40.390  -21.849  46.668 0.0000000000
140211  45.349  -18.508  36.896 0.0000000000
140212  45.545  -18.707  37.708 0.0000000000
140213  44.291  -19.000  36.659 0.0000000000
140214  44.999  -18.978  37.567 0.0000000000
140215  45.741  -18.835  38.543 0.0000000000
140216  45.972  -18.882  39.438 0.0000000000
140217  46.214  -18.894  40.390 0.0000000000
140218  46.450  -18.821  41.329 0.0000000000
140219  42.126  -19.781  36.374 0.0000000000
140220  42.903  -19.809  37.268 0.0000000000
140221  43.667  -19.769  38.214 0.0000000000
140222  43.298  -20.018  38.972 0.0000000000
140223  43.853  -19.835  39.105 0.0000000000
140224  44.402  -19.637  39.205 0.0000000000
140225  45.168  -19.385  40.211 0.0000000000
140226  45.926  -19.064  41.220 0.0000000000
140227  46.659  -18.685  42.232 0.0000000000
140228  46.950  -18.455  43.257 0.0000000000
140229  47.141  -18.234  44.183 0.0000000000
140230  47.357  -17.980  45.055 0.0000000000
140231  46.150  -18.696  44.024 0.0000000000
140232  46.921  -18.202  45.046 0.0000000000
140233  47.632  -17.699  45.957 0.0000000000
140234  47.833  -17.411  46.853 0.0000000000
140235  48.057  -17.175  47.636 0.0000000000
140236  48.257  -16.969  48.356 0.0000000000
140237  33.450  -26.595  46.167 0.0000000000
140238  33.960  -26.588  46.077 0.0000000000
140239  33.781  -26.958  46.413 0.0000000000
140240  34.108  -27.223  46.820 0.0000000000
140241  34.528  -27.419  47.338 0.0000000000
140242  33.772  -27.821  47.693 0.0000000000
140243  34.362  -27.699  47.808 0.0000000000
140244  34.948  -27.477  47.999 0.0000000000
140245  35.439  -27.466  48.810 0.0000000000
140246  35.911  -27.415  49.634 0.0000000000
140247  36.493  -27.352  50.644 0.0000000000
140248  33.284  -28.784  50.063 0.0000000000
140249  33.944  -28.604  50.316 0.0000000000
140250  34.566  -28.401  50.514 0.0000000000
140251  35.131  -28.642  52.399 0.0000000000
140252  35.145  -28.374  51.596 0.0000000000
140253  35.222  -28.152  50.805 0.0000000000
140254  35.814  -27.877  51.084 0.0000000000
140255  36.415  -27.585  51.366 0.0000000000
140256  37.052  -27.290  51.702 0.0000000000
140257  37.610  -27.296  52.717 0.0000000000
140258  38.289  -27.285  53.832 0.0000000000
140259  38.962  -27.279  54.881 0.0000000000
140260  38.387  -27.957  55.258 0.0000000000
140261  39.002  -27.597  55.512 0.0000000000
140262  39.620  -27.229  55.931 0.0000000000
140263  40.219  -27.165  56.981 0.0000000000
140264  40.672  -27.054  58.026 0.0000000000
140266  33.045  -30.244  56.721 0.0000000000
140267  33.780  -30.202  56.951 0.0000000000
140268  34.470  -30.118  57.095 0.0000000000
140269  35.077  -30.414  59.190 0.0000000000
140270  35.182  -30.219  58.229 0.0000000000
140271  35.148  -30.009  57.288 0.0000000000
140272  35.927  -29.922  57.539 0.0000000000
140273  36.571  -29.765  57.703 0.0000000000
140274  37.217  -29.597  57.824 0.0000000000
140283  37.900  -29.374  58.081 0.0000000000
145122  32.720  -16.067  45.136 0.0000000000
145123  32.486  -16.593  45.323 0.0000000000
145131  36.276  -12.790  49.930 0.0000000000
145132  35.741  -13.156  49.429 0.0000000000
145135  35.822  -13.533  51.967 0.0000000000
145136  35.074  -14.521  51.490 0.0000000000
145137  35.290  -13.997  51.337 0.0000000000
145138  35.651  -13.517  51.193 0.0000000000
145139  35.491  -13.560  50.380 0.0000000000
145140  35.331  -13.569  49.623 0.0000000000
145141  35.176  -13.581  48.894 0.0000000000
145142  34.694  -14.017  48.363 0.0000000000
145143  34.214  -14.483  47.772 0.0000000000
145144  33.799  -14.967  47.335 0.0000000000
145145  33.752  -15.403  48.271 0.0000000000
145146  33.566  -15.405  47.571 0.0000000000
145147  33.387  -15.446  46.856 0.0000000000
145148  33.009  -15.967  46.469 0.0000000000
145149  32.640  -16.518  45.966 0.0000000000
145150  32.345  -17.071  45.528 0.0000000000
145151  32.258  -17.570  45.737 0.0000000000
145152  32.251  -18.065  45.905 0.0000000000
145153  32.337  -18.649  46.074 0.0000000000
145154  32.705  -17.997  47.104 0.0000000000
145155  32.560  -18.625  46.643 0.0000000000
145156  32.483  -19.206  46.209 0.0000000000
145157  32.671  -19.837  46.219 0.0000000000
145158  32.963  -20.488  46.225 0.0000000000
145159  33.250  -21.154  46.119 0.0000000000
145160  33.810  -18.235  49.379 0.0000000000
145161  33.609  -18.791  48.802 0.0000000000
145162  33.510  -19.369  48.229 0.0000000000
145163  34.072  -20.130  48.628 0.0000000000
145164  33.748  -20.039  48.178 0.0000000000
145165  33.450  -19.959  47.722 0.0000000000
145166  33.421  -20.592  47.079 0.0000000000
145167  33.487  -21.182  46.524 0.0000000000
145168  33.611  -21.742  46.004 0.0000000000
145169  33.922  -22.394  45.883 0.0000000000
145170  34.149  -23.084  45.761 0.0000000000
145171  34.245  -23.701  45.694 0.0000000000
145172  34.278  -23.194  46.476 0.0000000000
145173  34.203  -23.761  46.027 0.0000000000
145174  34.186  -24.324  45.668 0.0000000000
145175  33.980  -24.884  45.719 0.0000000000
145176  33.742  -25.317  45.802 0.0000000000
145177  33.493  -25.778  45.898 0.0000000000
145214  32.719  -22.658  56.859 0.0000000000
145215  33.486  -22.506  57.171 0.0000000000
145216  34.218  -22.288  57.452 0.0000000000
145217  34.035  -22.600  56.244 0.0000000000
145218  34.496  -22.311  56.988 0.0000000000
145231  36.556  -19.201  54.179 0.0000000000
145232  36.332  -19.641  53.453 0.0000000000
145233  36.097  -20.079  52.761 0.0000000000
145234  35.894  -20.514  52.071 0.0000000000
145235  35.949  -21.408  52.334 0.0000000000
145236  35.875  -21.187  51.880 0.0000000000
145237  35.694  -20.996  51.375 0.0000000000
145238  35.500  -21.495  50.640 0.0000000000
145239  35.274  -21.991  50.004 0.0000000000
145240  34.965  -22.541  49.334 0.0000000000
145241  33.566  -23.442  51.860 0.0000000000
145242  33.832  -23.449  51.326 0.0000000000
145243  34.044  -23.452  50.895 0.0000000000
145244  32.765  -23.901  49.974 0.0000000000
145245  33.541  -23.707  50.209 0.0000000000
145246  34.281  -23.422  50.325 0.0000000000
145247  34.445  -23.357  49.775 0.0000000000
145248  34.574  -23.202  49.261 0.0000000000
145249  34.612  -23.063  48.788 0.0000000000
145250  34.261  -23.538  48.222 0.0000000000
145251  33.882  -23.985  47.681 0.0000000000
145252  33.465  -24.395  47.152 0.0000000000
145253  32.661  -24.691  47.447 0.0000000000
145254  32.986  -24.743  47.069 0.0000000000
145255  33.217  -24.803  46.704 0.0000000000
145256  33.088  -25.232  46.337 0.0000000000
145257  33.092  -25.731  46.150 0.0000000000
145258  33.179  -26.155  46.095 0.0000000000
145259  32.957  -26.576  46.295 0.0000000000
145260  32.653  -26.961  46.501 0.0000000000
145261  32.459  -27.307  46.778 0.0000000000
145262  31.683  -26.863  46.671 0.0000000000
145263  31.972  -27.293  46.815 0.0000000000
145264  32.231  -27.626  47.062 0.0000000000
145265  31.974  -27.902  47.405 0.0000000000
145266  31.883  -28.242  47.846 0.0000000000
145267  31.674  -28.489  48.273 0.0000000000
145268  29.931  -26.307  47.191 0.0000000000
145269  30.045  -26.852  47.165 0.0000000000
145270  30.229  -27.316  47.212 0.0000000000
145271  29.520  -27.501  47.550 0.0000000000
145272  29.975  -27.635  47.504 0.0000000000
145273  30.510  -27.754  47.430 0.0000000000
145274  30.819  -28.135  47.773 0.0000000000
145275  31.121  -28.498  48.229 0.0000000000
145276  31.528  -28.733  48.802 0.0000000000
145277  31.449  -28.961  49.515 0.0000000000
145278  31.398  -29.158  50.235 0.0000000000
145279  31.181  -29.271  50.906 0.0000000000
145280  30.193  -29.090  49.995 0.0000000000
145281  30.676  -29.283  50.847 0.0000000000
145282  31.187  -29.407  51.824 0.0000000000
145283  31.200  -29.558  52.715 0.0000000000
145284  31.185  -29.741  53.592 0.0000000000
145285  31.216  -29.959  54.525 0.0000000000
145286  26.788  -24.491  48.971 0.0000000000
145287  26.715  -25.072  48.644 0.0000000000
145288  26.710  -25.722  48.433 0.0000000000
145289  25.889  -25.914  48.811 0.0000000000
145290  26.339  -26.087  48.573 0.0000000000
145291  26.785  -26.312  48.365 0.0000000000
145292  26.928  -26.867  48.433 0.0000000000
145293  27.137  -27.415  48.605 0.0000000000
145294  27.377  -27.901  48.948 0.0000000000
145295  24.890  -27.697  50.048 0.0000000000
145296  25.334  -27.742  49.980 0.0000000000
145297  25.892  -27.888  49.892 0.0000000000
145298  26.097  -28.645  50.895 0.0000000000
145299  26.206  -28.330  50.313 0.0000000000
145300  26.338  -27.959  49.721 0.0000000000
145301  26.757  -28.045  49.577 0.0000000000
145302  27.221  -28.214  49.453 0.0000000000
145303  27.668  -28.324  49.367 0.0000000000
145304  28.029  -28.721  49.897 0.0000000000
145305  28.460  -29.066  50.582 0.0000000000
145306  28.965  -29.344  51.459 0.0000000000
145307  28.425  -29.454  52.315 0.0000000000
145308  28.981  -29.516  52.426 0.0000000000
145309  29.491  -29.571  52.407 0.0000000000
145310  30.072  -29.763  53.469 0.0000000000
145311  30.653  -29.977  54.483 0.0000000000
145312  31.218  -30.162  55.457 0.0000000000
145313  31.140  -30.269  56.291 0.0000000000
145314  31.161  -30.355  57.297 0.0000000000
145315  31.121  -30.466  58.246 0.0000000000
145316  30.068  -30.309  57.208 0.0000000000
145317  30.570  -30.428  58.235 0.0000000000
145322  27.856  -30.084  56.923 0.0000000000
145323  28.362  -30.236  57.930 0.0000000000
151553  46.702  -17.435  36.571 0.0000000000
151554  47.221  -17.128  36.738 0.0000000000
151555  47.751  -16.807  36.968 0.0000000000
151556  48.692  -16.857  38.633 0.0000000000
151557  48.471  -16.683  37.903 0.0000000000
151558  48.304  -16.484  37.165 0.0000000000
151559  48.848  -16.159  37.346 0.0000000000
151560  49.410  -15.837  37.561 0.0000000000
151561  49.996  -15.479  37.735 0.0000000000
151562  51.590  -15.824  41.928 0.0000000000
151563  51.455  -15.752  41.271 0.0000000000
151564  51.269  -15.676  40.610 0.0000000000
151565  52.504  -15.028  41.535 0.0000000000
151566  51.805  -15.295  40.763 0.0000000000
151567  51.183  -15.511  39.959 0.0000000000
151568  50.888  -15.411  39.264 0.0000000000
151569  50.758  -15.252  38.646 0.0000000000
151724  33.906  -20.734  41.657 0.0000000000
151725  33.586  -20.339  41.214 0.0000000000
151727  34.357  -20.258  40.502 0.0000000000
151744  38.779  -20.527  37.764 0.0000000000
151745  38.316  -20.534  38.609 0.0000000000
151746  38.948  -20.602  38.509 0.0000000000
151747  39.678  -20.598  38.509 0.0000000000
151748  40.444  -20.546  39.338 0.0000000000
151749  41.297  -20.393  40.271 0.0000000000
151750  42.165  -20.095  41.335 0.0000000000
151751  39.061  -20.151  41.482 0.0000000000
151752  39.630  -20.130  41.499 0.0000000000
151753  40.248  -20.077  41.606 0.0000000000
151754  41.325  -19.426  43.582 0.0000000000
151755  41.128  -19.740  42.702 0.0000000000
151756  40.943  -20.010  41.822 0.0000000000
151757  41.582  -19.948  41.993 0.0000000000
151758  42.231  -19.875  42.128 0.0000000000
151759  42.955  -19.738  42.339 0.0000000000
151760  43.801  -19.386  43.476 0.0000000000
151761  44.687  -19.011  44.606 0.0000000000
151762  45.493  -18.568  45.712 0.0000000000
151763  44.971  -18.478  46.451 0.0000000000
151764  45.613  -18.328  46.632 0.0000000000
151765  46.266  -18.149  46.739 0.0000000000
151766  47.024  -17.720  47.606 0.0000000000
151767  47.687  -17.238  48.424 0.0000000000
151768  48.314  -16.811  49.197 0.0000000000
151769  34.487  -26.521  46.001 0.0000000000
151770  35.028  -26.457  45.924 0.0000000000
151771  35.549  -26.316  45.902 0.0000000000
151772  35.875  -26.742  47.060 0.0000000000
151773  36.003  -26.460  46.463 0.0000000000
151774  36.077  -26.120  45.916 0.0000000000
151775  36.591  -25.890  45.967 0.0000000000
151776  37.095  -25.589  46.035 0.0000000000
151777  37.568  -25.305  46.112 0.0000000000
151778  37.712  -26.477  50.446 0.0000000000
151779  37.861  -26.256  49.770 0.0000000000
151780  37.970  -26.047  49.055 0.0000000000
151781  39.128  -25.555  50.309 0.0000000000
151782  38.553  -25.741  49.322 0.0000000000
151783  38.023  -25.843  48.312 0.0000000000
151784  38.080  -25.565  47.607 0.0000000000
151785  38.128  -25.287  46.944 0.0000000000
151786  38.077  -24.973  46.238 0.0000000000
151787  38.567  -24.610  46.347 0.0000000000
151788  39.077  -24.183  46.563 0.0000000000
151789  39.583  -23.721  46.788 0.0000000000
151790  40.426  -23.951  48.655 0.0000000000
151791  40.260  -23.609  47.817 0.0000000000
151792  40.039  -23.250  47.003 0.0000000000
151793  40.441  -22.767  47.231 0.0000000000
151794  40.838  -22.220  47.471 0.0000000000
151795  41.211  -21.641  47.704 0.0000000000
151801  42.487  -24.751  56.717 0.0000000000
151802  42.607  -24.415  56.024 0.0000000000
151803  42.710  -24.109  55.293 0.0000000000
151804  42.784  -23.782  54.480 0.0000000000
151810  43.989  -22.746  57.022 0.0000000000
151811  43.707  -22.997  56.030 0.0000000000
151812  43.363  -23.183  54.971 0.0000000000
151813  42.918  -23.368  53.813 0.0000000000
151814  43.012  -23.097  53.044 0.0000000000
151815  43.055  -22.749  52.200 0.0000000000
151816  43.023  -22.446  51.420 0.0000000000
151817  44.115  -21.536  52.955 0.0000000000
151818  43.561  -21.813  51.740 0.0000000000
151819  42.826  -22.096  50.523 0.0000000000
151820  42.469  -21.784  49.616 0.0000000000
151821  42.028  -21.428  48.770 0.0000000000
151822  41.485  -21.088  47.922 0.0000000000
151823  41.750  -20.530  48.169 0.0000000000
151824  42.058  -20.007  48.452 0.0000000000
151825  42.345  -19.502  48.686 0.0000000000
151826  43.630  -19.447  50.617 0.0000000000
151827  43.152  -19.233  49.765 0.0000000000
151828  42.663  -19.060  48.870 0.0000000000
151829  43.038  -18.636  49.017 0.0000000000
151830  43.522  -18.264  49.198 0.0000000000
151831  44.032  -17.984  49.363 0.0000000000
151833  45.879  -18.199  53.921 0.0000000000
151834  45.645  -17.955  53.020 0.0000000000
151835  46.631  -17.429  54.028 0.0000000000
151836  45.979  -17.586  53.101 0.0000000000
151837  45.311  -17.812  52.118 0.0000000000
151838  45.064  -17.752  51.282 0.0000000000
151839  44.775  -17.725  50.384 0.0000000000
151840  44.611  -17.750  49.560 0.0000000000
151841  45.225  -17.559  49.785 0.0000000000
151842  45.835  -17.353  49.980 0.0000000000
151843  46.480  -17.186  50.105 0.0000000000
151844  47.294  -16.799  51.717 0.0000000000
151845  47.229  -16.889  50.959 0.0000000000
151846  47.119  -17.022  50.149 0.0000000000
151847  47.778  -16.847  50.134 0.0000000000
151848  48.399  -16.635  50.023 0.0000000000
151849  49.016  -16.406  49.878 0.0000000000
151850  49.661  -16.086  50.445 0.0000000000
151851  50.369  -15.838  51.024 0.0000000000
