#!ascii label  , from subject fsaverage vox2ras=TkReg coords=white
661
473  33.934  -44.635  50.931 0.0000000000
475  36.050  -45.554  58.980 0.0000000000
1037  31.498  -42.989  52.136 0.0000000000
1038  35.925  -44.833  54.887 0.0000000000
1039  31.724  -44.224  55.225 0.0000000000
2074  30.325  -44.853  58.265 0.0000000000
2958  31.628  -43.660  53.765 0.0000000000
2959  29.102  -43.152  53.515 0.0000000000
4549  35.133  -45.892  51.696 0.0000000000
4550  36.409  -45.092  56.938 0.0000000000
4551  36.616  -46.590  55.782 0.0000000000
4552  36.858  -46.959  57.998 0.0000000000
4556  28.381  -43.757  56.233 0.0000000000
4557  27.532  -43.737  57.619 0.0000000000
4677  32.713  -43.680  49.442 0.0000000000
6473  33.475  -43.406  51.645 0.0000000000
6474  35.038  -44.754  52.861 0.0000000000
6475  33.994  -43.650  53.661 0.0000000000
6476  34.339  -44.197  55.460 0.0000000000
6477  34.321  -44.734  57.140 0.0000000000
6552  31.816  -42.512  50.182 0.0000000000
8782  35.966  -46.276  53.755 0.0000000000
8788  28.862  -43.600  54.832 0.0000000000
8789  31.325  -44.640  56.742 0.0000000000
8790  33.536  -45.260  58.863 0.0000000000
8791  29.108  -44.672  60.018 0.0000000000
8792  32.247  -45.525  60.717 0.0000000000
10638  29.096  -42.900  52.824 0.0000000000
12229  34.585  -45.242  51.361 0.0000000000
12230  36.372  -45.278  58.013 0.0000000000
12231  36.841  -45.904  57.581 0.0000000000
12232  36.695  -46.135  58.709 0.0000000000
12236  26.684  -43.252  56.473 0.0000000000
12357  33.303  -44.163  50.240 0.0000000000
14627  32.570  -43.026  51.978 0.0000000000
14628  33.739  -43.502  52.660 0.0000000000
14629  32.676  -43.327  52.948 0.0000000000
14630  31.689  -43.952  54.478 0.0000000000
14631  32.969  -43.985  54.591 0.0000000000
14632  33.079  -44.300  55.427 0.0000000000
14633  34.390  -44.458  56.327 0.0000000000
14634  33.076  -44.475  56.157 0.0000000000
14757  30.665  -42.616  51.439 0.0000000000
14759  31.692  -42.683  51.190 0.0000000000
14760  32.632  -42.982  50.831 0.0000000000
19405  35.511  -44.810  53.863 0.0000000000
19406  35.609  -45.477  53.404 0.0000000000
19407  36.066  -45.631  54.426 0.0000000000
19408  36.547  -47.524  56.013 0.0000000000
19409  36.286  -47.342  54.932 0.0000000000
19423  29.326  -44.329  57.213 0.0000000000
19424  29.780  -44.327  56.493 0.0000000000
19425  30.883  -44.760  57.483 0.0000000000
19426  32.473  -45.009  57.759 0.0000000000
19427  31.926  -45.152  58.625 0.0000000000
19429  27.781  -44.125  59.689 0.0000000000
19432  31.503  -45.517  61.653 0.0000000000
23753  30.332  -42.910  52.179 0.0000000000
23754  31.520  -43.358  52.977 0.0000000000
23755  30.304  -43.211  52.918 0.0000000000
23756  30.305  -43.552  53.664 0.0000000000
23757  30.366  -43.772  54.372 0.0000000000
26620  36.263  -44.957  55.907 0.0000000000
26621  36.461  -45.722  55.389 0.0000000000
26622  36.740  -45.821  56.513 0.0000000000
26623  36.824  -46.762  56.875 0.0000000000
26631  27.046  -43.119  55.828 0.0000000000
26632  27.989  -43.757  56.930 0.0000000000
26633  28.870  -44.350  57.984 0.0000000000
26851  32.320  -43.740  48.430 0.0000000000
30461  33.793  -44.070  51.307 0.0000000000
30462  34.454  -44.738  51.856 0.0000000000
30463  34.341  -44.073  52.291 0.0000000000
30464  34.772  -44.109  53.312 0.0000000000
30465  35.097  -44.192  54.303 0.0000000000
30466  32.875  -43.627  53.816 0.0000000000
30467  34.163  -43.923  54.585 0.0000000000
30468  35.327  -44.270  55.254 0.0000000000
30469  35.475  -44.494  56.217 0.0000000000
30470  35.555  -44.723  57.189 0.0000000000
30471  35.339  -45.026  58.088 0.0000000000
30647  32.474  -43.063  49.784 0.0000000000
30648  33.180  -43.605  50.547 0.0000000000
36592  35.102  -45.375  52.367 0.0000000000
36593  35.522  -46.067  52.712 0.0000000000
36594  35.719  -46.867  52.900 0.0000000000
36595  36.327  -46.456  54.712 0.0000000000
36596  36.070  -47.095  53.955 0.0000000000
36611  29.048  -43.445  54.196 0.0000000000
36612  30.288  -44.033  55.061 0.0000000000
36613  28.629  -43.684  55.525 0.0000000000
36614  30.062  -44.167  55.764 0.0000000000
36615  31.612  -44.400  55.998 0.0000000000
36616  32.862  -44.787  56.993 0.0000000000
36617  33.967  -45.019  57.976 0.0000000000
36618  34.940  -45.332  59.021 0.0000000000
36619  26.988  -43.762  58.333 0.0000000000
36620  28.361  -44.218  58.807 0.0000000000
36621  29.690  -44.804  59.166 0.0000000000
36622  29.952  -45.044  61.315 0.0000000000
36623  30.627  -45.157  60.354 0.0000000000
36624  31.358  -45.236  59.487 0.0000000000
36625  32.921  -45.466  59.785 0.0000000000
36626  34.461  -45.563  59.936 0.0000000000
42949  34.291  -44.933  51.147 0.0000000000
42950  36.224  -45.411  58.529 0.0000000000
42951  36.551  -45.653  58.364 0.0000000000
42952  36.422  -45.816  58.881 0.0000000000
43077  33.612  -44.395  50.604 0.0000000000
45347  32.056  -42.996  52.100 0.0000000000
45348  32.638  -43.166  52.469 0.0000000000
45349  32.087  -43.160  52.532 0.0000000000
45350  31.701  -44.090  54.856 0.0000000000
45351  32.373  -44.138  54.932 0.0000000000
45352  32.400  -44.274  55.331 0.0000000000
45353  33.089  -44.394  55.819 0.0000000000
45354  32.430  -44.390  55.695 0.0000000000
45477  31.052  -42.817  51.782 0.0000000000
45478  31.186  -42.651  51.332 0.0000000000
45479  31.625  -42.825  51.706 0.0000000000
45480  32.133  -42.859  51.575 0.0000000000
50125  35.742  -44.872  54.365 0.0000000000
50126  35.896  -45.217  54.125 0.0000000000
50127  36.051  -45.241  54.688 0.0000000000
50143  29.839  -44.626  57.712 0.0000000000
50144  30.094  -44.562  57.351 0.0000000000
50145  30.573  -44.814  57.889 0.0000000000
50146  31.407  -44.961  58.044 0.0000000000
50147  31.099  -45.023  58.463 0.0000000000
54948  30.340  -43.076  52.543 0.0000000000
54949  29.708  -42.947  52.504 0.0000000000
54950  29.125  -43.041  53.203 0.0000000000
54951  29.740  -43.227  53.244 0.0000000000
54952  29.719  -43.368  53.571 0.0000000000
54953  30.383  -43.663  54.011 0.0000000000
54954  29.764  -43.501  53.967 0.0000000000
59724  35.322  -46.206  51.797 0.0000000000
59725  36.346  -45.011  56.432 0.0000000000
59726  36.538  -45.369  56.216 0.0000000000
59727  36.653  -45.407  56.752 0.0000000000
59728  36.897  -46.397  57.860 0.0000000000
59729  36.877  -46.330  57.271 0.0000000000
59730  36.876  -46.881  57.434 0.0000000000
59731  36.747  -47.273  56.993 0.0000000000
59732  36.783  -47.391  57.556 0.0000000000
59743  27.102  -43.499  57.028 0.0000000000
59744  27.337  -43.487  56.727 0.0000000000
59745  27.767  -43.732  57.266 0.0000000000
59746  28.424  -44.050  57.446 0.0000000000
59747  28.218  -44.046  57.825 0.0000000000
60107  32.428  -43.416  49.119 0.0000000000
60108  32.241  -43.450  48.593 0.0000000000
60109  32.501  -43.705  48.968 0.0000000000
66917  33.708  -43.754  51.485 0.0000000000
66918  34.056  -44.099  51.738 0.0000000000
66919  33.893  -43.762  51.955 0.0000000000
66920  33.844  -43.587  53.175 0.0000000000
66921  34.306  -43.813  53.002 0.0000000000
66922  34.494  -43.809  53.497 0.0000000000
66923  34.947  -44.133  53.819 0.0000000000
66924  34.600  -43.901  53.992 0.0000000000
66925  31.582  -43.491  53.437 0.0000000000
66926  32.146  -43.494  53.437 0.0000000000
66927  32.268  -43.680  53.807 0.0000000000
66928  33.684  -44.111  55.031 0.0000000000
66929  33.590  -43.952  54.619 0.0000000000
66930  34.250  -44.072  55.015 0.0000000000
66931  34.766  -44.099  54.934 0.0000000000
66932  34.898  -44.181  55.402 0.0000000000
66933  35.427  -44.379  55.780 0.0000000000
66934  34.888  -44.286  55.887 0.0000000000
66935  34.308  -44.600  56.759 0.0000000000
66936  34.956  -44.564  56.746 0.0000000000
66937  34.951  -44.712  57.190 0.0000000000
66938  35.485  -44.883  57.655 0.0000000000
66939  34.856  -44.845  57.607 0.0000000000
67314  31.866  -42.534  49.625 0.0000000000
67315  32.140  -42.816  49.424 0.0000000000
67316  32.231  -42.726  49.945 0.0000000000
67317  33.086  -43.197  51.208 0.0000000000
67318  32.972  -43.276  50.661 0.0000000000
67319  33.361  -43.510  51.093 0.0000000000
67320  33.505  -43.827  50.966 0.0000000000
81250  34.763  -44.735  52.383 0.0000000000
81251  34.800  -44.994  52.131 0.0000000000
81252  35.082  -45.066  52.630 0.0000000000
81253  35.799  -45.840  53.615 0.0000000000
81254  35.575  -45.788  53.097 0.0000000000
81255  35.704  -46.164  53.260 0.0000000000
81256  35.629  -46.460  52.783 0.0000000000
81257  35.839  -46.592  53.336 0.0000000000
81258  36.568  -46.162  55.608 0.0000000000
81259  36.431  -46.119  55.061 0.0000000000
81260  36.482  -46.546  55.245 0.0000000000
81262  36.210  -47.212  54.423 0.0000000000
81298  28.272  -43.264  54.347 0.0000000000
81299  28.365  -43.185  54.049 0.0000000000
81300  28.946  -43.531  54.513 0.0000000000
81301  29.650  -43.758  54.619 0.0000000000
81302  29.560  -43.836  54.967 0.0000000000
81303  27.873  -43.418  55.678 0.0000000000
81304  27.994  -43.382  55.356 0.0000000000
81305  28.513  -43.727  55.874 0.0000000000
81306  30.561  -44.517  56.599 0.0000000000
81307  29.941  -44.224  56.143 0.0000000000
81308  30.717  -44.388  56.263 0.0000000000
81309  30.833  -44.312  55.879 0.0000000000
81310  31.510  -44.551  56.358 0.0000000000
81311  32.254  -44.625  56.476 0.0000000000
81312  32.093  -44.732  56.877 0.0000000000
81313  33.031  -45.146  58.314 0.0000000000
81314  33.231  -45.032  57.868 0.0000000000
81315  33.773  -45.140  58.397 0.0000000000
81316  34.502  -45.146  58.494 0.0000000000
81317  34.255  -45.283  58.953 0.0000000000
81319  26.297  -43.599  57.993 0.0000000000
81320  26.788  -43.764  58.708 0.0000000000
81321  28.426  -44.402  59.858 0.0000000000
81322  28.039  -44.220  59.207 0.0000000000
81323  28.684  -44.432  59.389 0.0000000000
81324  28.952  -44.535  58.975 0.0000000000
81325  29.371  -44.717  59.586 0.0000000000
81327  29.666  -45.013  61.664 0.0000000000
81328  30.455  -45.291  61.866 0.0000000000
81329  31.926  -45.532  61.196 0.0000000000
81330  31.108  -45.352  60.992 0.0000000000
81331  31.437  -45.341  60.526 0.0000000000
81332  30.998  -45.208  59.892 0.0000000000
81333  31.809  -45.380  60.101 0.0000000000
81334  32.144  -45.373  59.655 0.0000000000
81335  32.583  -45.518  60.272 0.0000000000
81337  34.109  -45.667  60.426 0.0000000000
81339  35.085  -45.692  60.029 0.0000000000
92874  29.106  -42.746  52.495 0.0000000000
95739  34.901  -45.536  51.576 0.0000000000
95740  36.406  -45.169  57.454 0.0000000000
95741  36.765  -45.482  57.265 0.0000000000
95742  36.690  -45.525  57.834 0.0000000000
95743  36.777  -45.988  58.144 0.0000000000
95744  36.837  -46.492  58.396 0.0000000000
95752  26.422  -43.299  56.752 0.0000000000
95753  26.797  -43.549  57.326 0.0000000000
95969  33.029  -43.941  49.874 0.0000000000
95970  32.752  -43.937  49.292 0.0000000000
100055  33.054  -43.168  51.823 0.0000000000
100056  33.628  -43.426  52.184 0.0000000000
100057  33.162  -43.233  52.372 0.0000000000
100058  33.258  -43.330  52.868 0.0000000000
100059  33.310  -43.463  53.308 0.0000000000
100060  31.649  -43.795  54.127 0.0000000000
100061  32.303  -43.845  54.177 0.0000000000
100062  32.343  -43.988  54.545 0.0000000000
100063  33.043  -44.150  54.998 0.0000000000
100064  33.733  -44.245  55.472 0.0000000000
100065  34.330  -44.323  55.912 0.0000000000
100066  33.727  -44.364  55.890 0.0000000000
100067  33.746  -44.481  56.238 0.0000000000
100068  33.692  -44.643  56.668 0.0000000000
100293  31.789  -42.594  50.688 0.0000000000
100294  32.216  -42.757  50.506 0.0000000000
100295  32.170  -42.748  51.057 0.0000000000
100296  32.607  -42.957  51.413 0.0000000000
108655  35.271  -44.766  53.356 0.0000000000
108656  35.326  -45.107  53.129 0.0000000000
108657  35.587  -45.140  53.625 0.0000000000
108658  35.886  -45.510  53.893 0.0000000000
108659  36.039  -45.974  54.118 0.0000000000
108660  36.673  -47.049  55.943 0.0000000000
108661  36.504  -47.007  55.385 0.0000000000
108662  36.473  -47.424  55.485 0.0000000000
108686  28.178  -43.323  54.663 0.0000000000
108687  28.868  -44.062  56.723 0.0000000000
108688  29.069  -44.061  56.371 0.0000000000
108689  29.579  -44.333  56.829 0.0000000000
108690  30.340  -44.576  56.968 0.0000000000
108691  31.152  -44.723  57.119 0.0000000000
108692  31.934  -44.815  57.244 0.0000000000
108693  31.685  -44.905  57.609 0.0000000000
108694  32.237  -45.082  58.187 0.0000000000
108695  32.775  -45.244  58.755 0.0000000000
108697  27.168  -43.939  59.417 0.0000000000
108698  27.530  -44.086  60.030 0.0000000000
108699  28.168  -44.294  60.281 0.0000000000
108700  28.822  -44.588  60.469 0.0000000000
108702  31.156  -45.540  62.068 0.0000000000
116861  30.927  -42.966  52.164 0.0000000000
116862  31.552  -43.178  52.572 0.0000000000
116863  30.960  -43.152  52.567 0.0000000000
116864  30.917  -43.329  52.989 0.0000000000
116865  31.036  -43.466  53.379 0.0000000000
116866  29.683  -43.060  52.851 0.0000000000
116867  30.373  -43.366  53.288 0.0000000000
116868  30.970  -43.615  53.715 0.0000000000
116869  31.020  -43.748  54.070 0.0000000000
116870  31.029  -43.876  54.425 0.0000000000
116871  31.042  -44.015  54.777 0.0000000000
117048  30.472  -42.757  51.817 0.0000000000
123550  36.118  -44.910  55.353 0.0000000000
123551  36.262  -45.275  55.180 0.0000000000
123552  36.409  -45.333  55.666 0.0000000000
123553  36.613  -45.785  55.934 0.0000000000
123554  36.702  -46.203  56.159 0.0000000000
123555  36.817  -45.851  57.032 0.0000000000
123556  36.832  -46.272  56.702 0.0000000000
123557  36.808  -46.704  56.322 0.0000000000
123558  36.715  -47.140  56.463 0.0000000000
123575  27.692  -43.419  56.058 0.0000000000
123576  26.869  -43.202  56.164 0.0000000000
123577  27.516  -43.449  56.416 0.0000000000
123578  28.183  -43.754  56.590 0.0000000000
123579  28.643  -44.047  57.090 0.0000000000
123580  29.133  -44.374  57.563 0.0000000000
123581  29.553  -44.632  58.121 0.0000000000
124090  32.576  -43.963  48.781 0.0000000000
133145  33.846  -44.364  51.118 0.0000000000
133146  34.192  -44.696  51.364 0.0000000000
133147  34.137  -44.407  51.543 0.0000000000
133148  34.416  -44.453  52.066 0.0000000000
133149  34.702  -44.438  52.602 0.0000000000
133150  34.102  -43.753  52.467 0.0000000000
133151  34.581  -44.121  52.794 0.0000000000
133152  34.952  -44.433  53.094 0.0000000000
133153  35.173  -44.435  53.614 0.0000000000
133154  35.366  -44.487  54.110 0.0000000000
133155  35.509  -44.527  54.578 0.0000000000
133156  32.092  -43.344  52.977 0.0000000000
133157  32.741  -43.483  53.386 0.0000000000
133158  33.452  -43.605  53.765 0.0000000000
133159  32.919  -43.808  54.214 0.0000000000
133160  33.519  -43.774  54.207 0.0000000000
133161  34.106  -43.762  54.135 0.0000000000
133162  34.675  -44.009  54.467 0.0000000000
133163  35.221  -44.218  54.757 0.0000000000
133164  35.666  -44.504  55.075 0.0000000000
133165  35.833  -44.585  55.594 0.0000000000
133166  35.948  -44.649  56.095 0.0000000000
133167  36.052  -44.744  56.595 0.0000000000
133168  34.945  -44.429  56.291 0.0000000000
133169  35.543  -44.594  56.689 0.0000000000
133170  36.038  -44.852  57.087 0.0000000000
133171  35.986  -44.982  57.585 0.0000000000
133172  35.900  -45.124  58.079 0.0000000000
133173  35.755  -45.265  58.578 0.0000000000
133650  32.327  -43.122  49.234 0.0000000000
133651  32.632  -43.390  49.613 0.0000000000
133652  32.548  -43.002  50.299 0.0000000000
133653  32.763  -43.373  50.138 0.0000000000
133654  32.924  -43.668  50.012 0.0000000000
133655  33.251  -43.889  50.415 0.0000000000
133656  33.527  -44.136  50.796 0.0000000000
150742  34.497  -44.985  51.639 0.0000000000
150743  34.854  -45.264  51.887 0.0000000000
150744  35.117  -45.665  52.068 0.0000000000
150745  35.354  -45.443  52.882 0.0000000000
150746  35.345  -45.760  52.575 0.0000000000
150747  35.324  -45.994  52.191 0.0000000000
150748  35.477  -46.331  52.294 0.0000000000
150749  35.574  -46.718  52.351 0.0000000000
150751  36.288  -45.653  54.892 0.0000000000
150752  36.241  -46.028  54.553 0.0000000000
150753  36.153  -46.352  54.219 0.0000000000
150754  36.361  -46.907  54.854 0.0000000000
150755  36.212  -46.780  54.349 0.0000000000
150756  36.040  -46.680  53.860 0.0000000000
150757  35.890  -46.975  53.455 0.0000000000
150800  28.470  -43.028  53.744 0.0000000000
150801  29.103  -43.279  53.880 0.0000000000
150802  29.679  -43.635  54.304 0.0000000000
150803  30.345  -43.917  54.703 0.0000000000
150804  30.989  -44.142  55.120 0.0000000000
150806  28.089  -43.344  55.028 0.0000000000
150807  28.757  -43.654  55.177 0.0000000000
150808  29.195  -44.012  56.011 0.0000000000
150809  29.333  -43.975  55.655 0.0000000000
150810  29.467  -43.921  55.305 0.0000000000
150811  30.176  -44.113  55.413 0.0000000000
150812  30.906  -44.225  55.500 0.0000000000
150813  31.658  -44.317  55.588 0.0000000000
150814  32.348  -44.443  56.077 0.0000000000
150815  32.979  -44.651  56.578 0.0000000000
150816  33.626  -44.790  57.072 0.0000000000
150817  32.700  -44.901  57.333 0.0000000000
150818  33.432  -44.909  57.476 0.0000000000
150819  34.164  -44.880  57.561 0.0000000000
150820  34.675  -44.990  58.053 0.0000000000
150821  35.169  -45.182  58.556 0.0000000000
150822  35.567  -45.406  59.043 0.0000000000
150824  26.503  -43.580  57.636 0.0000000000
150825  27.240  -43.745  57.951 0.0000000000
150826  27.462  -43.928  59.038 0.0000000000
150827  27.670  -43.972  58.601 0.0000000000
150828  27.952  -44.001  58.187 0.0000000000
150829  28.631  -44.299  58.387 0.0000000000
150830  29.291  -44.603  58.579 0.0000000000
150831  30.024  -44.843  58.704 0.0000000000
150833  29.240  -44.774  61.102 0.0000000000
150834  29.549  -44.867  60.650 0.0000000000
150835  30.648  -45.271  61.505 0.0000000000
150836  30.294  -45.116  60.816 0.0000000000
150837  29.822  -44.956  60.202 0.0000000000
150838  30.143  -45.011  59.782 0.0000000000
150839  30.496  -45.038  59.323 0.0000000000
150840  30.814  -45.047  58.883 0.0000000000
150841  31.614  -45.213  59.069 0.0000000000
150842  32.450  -45.331  59.207 0.0000000000
150843  33.251  -45.386  59.315 0.0000000000
150844  33.349  -45.629  60.344 0.0000000000
150845  33.673  -45.520  59.891 0.0000000000
150846  34.013  -45.426  59.401 0.0000000000
150847  34.718  -45.470  59.479 0.0000000000
150848  35.383  -45.571  59.538 0.0000000000
150849  35.875  -45.737  59.504 0.0000000000
101  27.188  -41.170  52.016 0.0000000000
228  24.808  -42.905  56.412 0.0000000000
1560  26.463  -42.268  54.155 0.0000000000
1562  21.592  -39.038  56.462 0.0000000000
2957  29.133  -42.558  52.171 0.0000000000
4555  25.821  -42.592  55.304 0.0000000000
6478  23.945  -43.029  57.553 0.0000000000
6479  26.521  -43.800  59.021 0.0000000000
7476  26.810  -41.819  53.033 0.0000000000
7479  23.603  -41.016  54.517 0.0000000000
7482  22.716  -41.301  55.779 0.0000000000
7483  21.820  -41.564  56.914 0.0000000000
10637  28.037  -42.028  52.106 0.0000000000
10639  27.976  -42.361  52.709 0.0000000000
12235  25.375  -42.759  55.866 0.0000000000
12237  26.100  -43.361  57.018 0.0000000000
16438  21.948  -37.934  56.727 0.0000000000
16440  22.029  -38.978  55.787 0.0000000000
16442  21.987  -40.204  55.878 0.0000000000
16443  22.197  -41.385  56.359 0.0000000000
16444  21.518  -40.328  56.545 0.0000000000
19420  26.654  -42.052  53.587 0.0000000000
19421  27.733  -42.862  53.884 0.0000000000
19422  27.571  -42.966  54.477 0.0000000000
23832  29.568  -42.356  51.504 0.0000000000
26629  26.159  -42.421  54.705 0.0000000000
26630  27.368  -43.064  55.164 0.0000000000
30472  24.432  -42.983  57.030 0.0000000000
30473  25.617  -43.438  57.658 0.0000000000
30474  25.242  -43.542  58.273 0.0000000000
30475  26.063  -43.850  59.582 0.0000000000
32904  26.978  -41.512  52.524 0.0000000000
32905  26.294  -40.477  52.381 0.0000000000
32906  25.994  -40.847  52.789 0.0000000000
32907  25.679  -41.185  53.216 0.0000000000
32910  25.371  -41.511  53.754 0.0000000000
32911  24.976  -41.673  54.270 0.0000000000
32912  24.644  -41.942  54.841 0.0000000000
32913  24.113  -42.059  55.345 0.0000000000
32921  23.192  -41.200  55.141 0.0000000000
32922  23.654  -42.177  55.958 0.0000000000
32923  23.211  -42.282  56.569 0.0000000000
32924  22.791  -42.387  57.022 0.0000000000
32925  22.355  -42.449  57.536 0.0000000000
32927  21.384  -41.643  57.403 0.0000000000
32928  21.922  -42.603  58.025 0.0000000000
36610  27.906  -42.598  53.375 0.0000000000
41357  27.586  -41.630  52.059 0.0000000000
41358  27.959  -42.176  52.416 0.0000000000
41359  27.494  -41.825  52.358 0.0000000000
42955  25.082  -42.826  56.148 0.0000000000
42956  25.750  -43.096  56.444 0.0000000000
42957  25.437  -43.158  56.709 0.0000000000
47158  21.687  -38.508  56.470 0.0000000000
47159  21.963  -38.391  56.241 0.0000000000
47160  21.788  -39.040  56.113 0.0000000000
47161  21.979  -39.617  55.802 0.0000000000
47162  21.734  -39.586  56.118 0.0000000000
47163  21.769  -40.248  56.240 0.0000000000
47164  21.489  -39.668  56.428 0.0000000000
50140  26.545  -42.164  53.842 0.0000000000
50141  27.102  -42.572  53.990 0.0000000000
50142  27.020  -42.614  54.329 0.0000000000
54947  29.719  -42.747  52.179 0.0000000000
55077  28.787  -42.221  51.825 0.0000000000
55078  29.025  -42.123  51.513 0.0000000000
55079  29.364  -42.452  51.859 0.0000000000
55080  29.906  -42.635  51.842 0.0000000000
59740  25.979  -42.523  55.004 0.0000000000
59741  26.604  -42.787  55.280 0.0000000000
59742  26.425  -42.854  55.573 0.0000000000
66940  24.195  -43.004  57.349 0.0000000000
66941  24.828  -43.281  57.648 0.0000000000
66942  24.594  -43.325  57.894 0.0000000000
66944  25.459  -43.734  59.196 0.0000000000
72318  26.469  -40.358  52.179 0.0000000000
72321  25.816  -40.178  52.504 0.0000000000
72322  25.649  -40.338  52.708 0.0000000000
72323  25.840  -41.007  52.978 0.0000000000
72324  25.419  -40.506  52.896 0.0000000000
72331  25.089  -40.869  53.357 0.0000000000
72332  24.920  -41.066  53.623 0.0000000000
72333  25.213  -41.574  54.021 0.0000000000
72334  24.710  -41.141  53.871 0.0000000000
72335  23.801  -40.924  54.238 0.0000000000
72336  24.295  -41.422  54.350 0.0000000000
72337  24.106  -41.523  54.669 0.0000000000
72338  24.428  -42.006  55.140 0.0000000000
72339  23.879  -41.565  54.946 0.0000000000
72358  22.556  -40.735  55.450 0.0000000000
72359  22.747  -40.679  55.088 0.0000000000
72360  22.954  -41.255  55.444 0.0000000000
72361  23.404  -41.738  55.525 0.0000000000
72362  23.195  -41.819  55.835 0.0000000000
72363  23.470  -42.265  56.270 0.0000000000
72364  22.912  -41.813  56.128 0.0000000000
72365  22.004  -41.466  56.639 0.0000000000
72366  22.466  -41.919  56.703 0.0000000000
72367  22.291  -42.007  56.928 0.0000000000
72368  22.597  -42.416  57.278 0.0000000000
72369  22.076  -42.045  57.174 0.0000000000
72376  21.590  -42.137  57.661 0.0000000000
81295  26.902  -41.681  52.778 0.0000000000
81296  27.388  -42.109  52.918 0.0000000000
81297  27.339  -42.250  53.199 0.0000000000
81318  26.085  -43.635  58.321 0.0000000000
92873  28.573  -42.332  52.153 0.0000000000
92875  28.512  -42.482  52.461 0.0000000000
92876  28.521  -42.663  52.775 0.0000000000
92877  28.543  -42.793  53.149 0.0000000000
92952  28.277  -41.937  51.809 0.0000000000
95749  25.619  -42.671  55.623 0.0000000000
95750  26.261  -42.956  55.903 0.0000000000
95751  26.038  -43.035  56.186 0.0000000000
103316  22.213  -37.887  56.419 0.0000000000
103317  22.187  -38.351  55.923 0.0000000000
103318  22.224  -38.875  55.479 0.0000000000
103320  22.197  -39.515  55.480 0.0000000000
103321  22.231  -40.188  55.555 0.0000000000
103322  22.324  -40.774  55.791 0.0000000000
103323  22.440  -41.345  56.072 0.0000000000
103324  22.080  -40.809  56.113 0.0000000000
103325  21.826  -40.864  56.404 0.0000000000
103326  21.600  -40.973  56.712 0.0000000000
108682  26.768  -41.937  53.299 0.0000000000
108683  27.298  -42.381  53.473 0.0000000000
108684  27.174  -42.483  53.714 0.0000000000
108685  27.682  -42.943  54.160 0.0000000000
108696  26.893  -43.951  59.711 0.0000000000
117047  30.091  -42.523  51.473 0.0000000000
119401  21.709  -38.013  57.007 0.0000000000
119402  21.499  -38.532  56.852 0.0000000000
119403  21.328  -39.139  56.755 0.0000000000
123571  26.328  -42.342  54.438 0.0000000000
123572  26.906  -42.680  54.647 0.0000000000
123573  26.752  -42.755  54.993 0.0000000000
123574  27.243  -43.104  55.498 0.0000000000
133174  24.590  -42.935  56.697 0.0000000000
133175  25.208  -43.200  57.033 0.0000000000
133176  25.017  -43.231  57.330 0.0000000000
133177  25.410  -43.498  57.942 0.0000000000
133178  25.882  -43.680  58.641 0.0000000000
133179  25.057  -43.555  58.562 0.0000000000
133180  25.685  -43.711  58.950 0.0000000000
133181  26.294  -43.838  59.330 0.0000000000
133182  26.684  -43.931  59.982 0.0000000000
139908  27.070  -41.333  52.279 0.0000000000
139909  26.735  -40.844  52.216 0.0000000000
139910  26.616  -40.996  52.451 0.0000000000
139911  26.510  -41.147  52.649 0.0000000000
139913  26.146  -40.667  52.563 0.0000000000
139914  26.361  -41.346  52.902 0.0000000000
139915  26.288  -41.480  53.134 0.0000000000
139916  26.158  -41.644  53.397 0.0000000000
139917  26.020  -41.753  53.687 0.0000000000
139924  25.236  -40.654  53.087 0.0000000000
139925  25.545  -41.329  53.516 0.0000000000
139926  25.874  -41.921  53.919 0.0000000000
139927  25.771  -41.985  54.237 0.0000000000
139928  25.565  -42.061  54.471 0.0000000000
139929  25.372  -42.198  54.738 0.0000000000
139930  24.457  -41.246  54.068 0.0000000000
139931  24.812  -41.834  54.513 0.0000000000
139932  25.217  -42.294  55.039 0.0000000000
139933  24.988  -42.370  55.364 0.0000000000
139934  24.747  -42.444  55.582 0.0000000000
139935  24.496  -42.538  55.900 0.0000000000
139959  23.387  -41.097  54.828 0.0000000000
139960  23.661  -41.668  55.237 0.0000000000
139961  23.960  -42.204  55.679 0.0000000000
139962  24.197  -42.548  56.154 0.0000000000
139963  24.038  -42.652  56.459 0.0000000000
139964  23.803  -42.680  56.760 0.0000000000
139965  23.572  -42.701  57.081 0.0000000000
139966  22.670  -41.855  56.439 0.0000000000
139967  22.973  -42.343  56.860 0.0000000000
139968  23.340  -42.708  57.265 0.0000000000
139969  23.156  -42.780  57.540 0.0000000000
139970  22.908  -42.765  57.766 0.0000000000
139971  22.715  -42.858  57.973 0.0000000000
139972  21.262  -39.773  56.783 0.0000000000
139973  21.299  -40.486  56.869 0.0000000000
139974  21.365  -41.047  56.957 0.0000000000
139977  21.599  -41.598  57.153 0.0000000000
139978  21.820  -42.072  57.397 0.0000000000
139979  22.144  -42.521  57.781 0.0000000000
139980  22.521  -42.959  58.212 0.0000000000
150796  27.431  -41.973  52.632 0.0000000000
150797  27.936  -42.478  53.046 0.0000000000
150798  28.448  -42.891  53.472 0.0000000000
150799  27.847  -42.733  53.581 0.0000000000
150805  27.472  -43.014  54.859 0.0000000000
150823  25.846  -43.412  57.341 0.0000000000
3562  21.528  -37.030  58.572 0.0000000000
3563  20.619  -39.490  57.773 0.0000000000
7484  20.938  -41.742  57.958 0.0000000000
11241  22.338  -36.314  59.311 0.0000000000
16446  20.629  -40.585  57.673 0.0000000000
24841  22.084  -37.066  57.924 0.0000000000
24842  21.447  -38.021  57.313 0.0000000000
24843  21.065  -39.221  57.099 0.0000000000
24844  20.907  -38.157  57.969 0.0000000000
32926  21.114  -40.518  57.178 0.0000000000
56758  21.890  -36.659  58.910 0.0000000000
56759  22.213  -36.664  58.639 0.0000000000
56760  21.807  -37.056  58.275 0.0000000000
56761  21.750  -37.520  57.626 0.0000000000
56762  21.470  -37.517  57.915 0.0000000000
56763  21.174  -38.062  57.638 0.0000000000
56764  21.206  -37.551  58.225 0.0000000000
72370  20.836  -39.352  57.437 0.0000000000
72371  21.047  -39.944  57.100 0.0000000000
72372  20.851  -40.009  57.445 0.0000000000
72373  20.720  -41.195  57.818 0.0000000000
72374  20.994  -41.145  57.483 0.0000000000
72375  21.124  -41.693  57.650 0.0000000000
72377  21.391  -42.209  57.924 0.0000000000
72379  21.223  -42.254  58.264 0.0000000000
93962  21.608  -36.564  59.290 0.0000000000
93963  21.268  -37.069  58.841 0.0000000000
103314  22.291  -37.462  56.978 0.0000000000
103327  20.385  -39.528  58.103 0.0000000000
103328  20.598  -40.099  57.700 0.0000000000
103329  20.377  -40.098  58.045 0.0000000000
103330  20.424  -40.709  58.103 0.0000000000
103331  20.595  -41.277  58.192 0.0000000000
103332  20.806  -41.817  58.352 0.0000000000
119397  22.660  -36.307  59.069 0.0000000000
119398  22.512  -36.678  58.316 0.0000000000
119399  22.394  -37.077  57.592 0.0000000000
119400  21.992  -37.498  57.285 0.0000000000
119404  21.220  -38.597  57.162 0.0000000000
119405  20.963  -38.694  57.495 0.0000000000
119406  20.717  -38.802  57.864 0.0000000000
119407  20.924  -37.624  58.512 0.0000000000
119408  20.661  -38.244  58.353 0.0000000000
119409  20.487  -38.912  58.199 0.0000000000
139975  20.873  -40.656  57.370 0.0000000000
139976  21.195  -41.138  57.220 0.0000000000
32929  21.536  -42.772  58.607 0.0000000000
66949  24.468  -44.028  60.005 0.0000000000
72378  21.723  -42.671  58.296 0.0000000000
100073  24.976  -43.818  59.656 0.0000000000
133186  24.731  -43.910  59.879 0.0000000000
139981  22.243  -43.020  58.435 0.0000000000
139982  22.172  -43.159  58.785 0.0000000000
139983  21.914  -43.262  58.983 0.0000000000
139984  21.040  -42.355  58.609 0.0000000000
139985  21.362  -42.888  58.866 0.0000000000
