#!ascii label  , from subject fsaverage vox2ras=TkReg coords=white
1885
3  38.660  41.046  23.971 0.0000000000
54  43.742  23.961  28.156 0.0000000000
172  37.114  37.142  17.493 0.0000000000
173  41.226  30.302  19.637 0.0000000000
174  46.118  33.535  26.416 0.0000000000
177  30.320  39.384  20.751 0.0000000000
385  41.057  23.248  20.431 0.0000000000
462  36.237  33.563  29.241 3.5281891823
493  41.911  27.038  31.127 3.1501688957
652  40.241  40.143  20.959 0.0000000000
653  41.848  35.362  22.236 0.0000000000
654  42.596  37.653  25.394 0.0000000000
657  33.933  40.906  23.292 3.1501688957
880  44.996  28.482  23.919 3.3391790390
881  41.970  27.323  21.081 3.3706805706
882  41.029  24.749  24.369 3.4021823406
883  37.466  20.998  22.673 0.0000000000
1081  38.840  31.006  31.015 0.0000000000
1084  40.090  22.700  35.092 0.0000000000
1464  38.761  33.209  18.738 2.8666536808
1465  45.918  32.246  22.408 0.0000000000
1466  47.676  28.107  27.877 0.0000000000
1858  44.650  25.890  19.094 0.0000000000
2039  33.528  35.690  24.222 0.0000000000
2040  37.131  36.471  25.791 3.6226940155
2125  41.060  34.151  28.497 0.0000000000
2126  44.497  29.971  30.117 0.0000000000
2127  47.019  25.044  31.571 0.0000000000
2129  43.592  23.601  32.702 0.0000000000
2572  40.879  41.552  22.998 0.0000000000
2573  41.704  39.143  23.252 0.0000000000
2574  40.897  39.358  24.879 0.0000000000
2575  38.166  43.575  23.482 0.0000000000
2577  35.892  41.186  23.638 0.0000000000
2578  35.583  43.603  23.306 0.0000000000
2800  44.489  26.449  26.413 3.0556638241
2801  42.923  26.579  24.630 3.2131721973
2802  42.235  24.492  26.363 2.6776435375
2803  39.978  22.952  25.730 0.0000000000
3398  36.240  33.329  16.133 0.0000000000
3399  37.344  34.762  18.338 2.8036501408
3400  44.761  35.012  24.155 0.0000000000
3401  44.047  33.669  22.468 2.6461417675
3402  46.933  32.964  24.541 0.0000000000
3403  47.768  30.886  24.979 0.0000000000
3404  47.580  31.003  27.254 0.0000000000
3408  37.949  40.142  16.968 0.0000000000
4083  41.881  25.330  21.114 3.2761754990
4084  42.627  26.239  19.485 2.9926602840
4085  43.620  24.535  20.226 0.0000000000
4087  42.987  22.410  19.556 0.0000000000
4089  40.515  21.257  19.989 0.0000000000
4475  34.327  32.913  28.784 0.0000000000
4476  32.909  33.620  26.002 0.0000000000
4477  34.877  34.553  26.781 0.0000000000
4478  35.271  36.101  25.072 0.0000000000
4479  36.893  34.854  27.416 4.0322160721
4681  39.138  35.364  27.261 0.0000000000
4682  38.640  34.025  29.202 3.2446739674
4683  40.227  29.131  31.233 0.0000000000
4684  41.625  30.930  30.865 2.8036501408
4685  43.382  28.461  31.117 2.7721486092
4686  46.224  27.471  31.025 2.7406468391
4687  45.028  26.340  31.693 3.0871653557
4692  41.818  23.194  33.576 2.9611587524
4694  43.885  21.331  31.884 0.0000000000
5782  38.614  38.729  19.145 3.3391790390
5783  38.957  36.235  20.253 3.4651856422
5784  40.537  37.695  21.659 3.5596907139
5785  42.945  37.011  23.561 0.0000000000
5786  44.189  35.691  25.625 0.0000000000
5790  39.305  41.812  19.110 0.0000000000
5791  32.096  40.051  22.118 2.8351519108
5792  31.445  41.809  20.634 0.0000000000
5793  33.347  42.928  22.399 3.0241620541
5794  35.187  45.435  21.359 0.0000000000
6192  43.983  29.828  21.795 2.7721486092
6193  41.698  28.861  20.475 2.7721486092
6194  43.419  28.073  22.581 0.0000000000
6195  41.955  26.163  22.714 3.2761754990
6196  40.427  24.331  22.143 3.1186671257
6197  39.009  22.389  21.501 0.0000000000
6198  39.077  23.147  23.721 3.3391790390
6432  35.150  32.181  31.206 0.0000000000
6553  37.572  32.844  30.991 3.0871653557
6554  36.447  30.578  31.277 0.0000000000
6555  37.573  29.082  31.431 0.0000000000
6556  38.734  27.445  31.333 0.0000000000
7255  37.551  31.569  16.622 0.0000000000
7256  40.279  31.733  18.937 2.5201349258
7257  40.516  34.251  20.757 3.3391790390
7258  42.287  32.805  20.594 0.0000000000
7259  43.511  31.374  20.861 0.0000000000
7260  46.360  30.398  22.971 0.0000000000
7261  46.485  28.570  25.863 3.7171990871
7262  46.012  25.735  28.191 0.0000000000
8196  41.083  27.357  18.382 0.0000000000
8197  42.930  26.475  17.083 0.0000000000
8688  29.835  36.757  21.518 0.0000000000
8690  31.439  34.994  23.449 0.0000000000
8691  32.091  37.455  22.399 3.1501688957
8692  33.717  38.175  23.197 0.0000000000
8693  35.589  38.569  23.936 3.4651856422
8694  37.877  38.497  24.515 0.0000000000
8941  39.821  37.420  26.156 0.0000000000
8942  41.679  35.842  26.878 0.0000000000
8943  43.523  33.946  27.362 0.0000000000
8944  40.003  32.969  30.339 3.7171990871
8945  42.737  32.504  29.460 0.0000000000
8946  45.426  31.750  28.315 0.0000000000
8947  47.150  29.048  29.335 0.0000000000
8948  47.567  26.240  29.823 2.6461417675
8949  45.995  23.890  29.909 0.0000000000
8952  40.416  25.872  31.899 0.0000000000
8953  40.428  24.397  34.812 0.0000000000
8954  41.878  25.027  33.260 2.9611587524
8955  43.433  25.583  32.340 3.0871653557
8956  45.515  24.225  32.214 2.6461417675
8957  45.598  22.487  31.108 0.0000000000
10252  39.960  41.592  23.809 0.0000000000
10253  41.008  40.672  24.098 0.0000000000
10254  39.829  40.199  24.468 0.0000000000
10255  38.344  42.327  23.661 0.0000000000
10256  39.696  42.714  23.322 0.0000000000
10257  37.110  41.151  23.726 0.0000000000
10258  36.828  42.428  23.647 0.0000000000
10480  44.153  25.120  27.389 2.7406468391
10481  43.380  25.453  26.469 3.0556638241
10482  42.955  24.242  27.275 0.0000000000
10483  41.781  23.546  26.947 0.0000000000
10484  42.575  23.299  27.818 0.0000000000
11077  36.498  36.408  16.620 0.0000000000
11078  36.411  35.136  17.060 0.0000000000
11079  37.071  35.878  18.039 0.0000000000
11080  45.631  34.389  25.193 0.0000000000
11081  45.836  33.958  24.460 0.0000000000
11082  46.697  33.293  25.528 0.0000000000
11083  47.525  32.218  25.813 0.0000000000
11084  46.985  32.297  26.764 0.0000000000
11088  37.550  38.724  17.220 3.1501688957
11089  37.404  39.507  16.129 0.0000000000
11090  36.955  37.979  16.378 0.0000000000
11760  39.990  30.230  18.509 0.0000000000
11762  40.224  29.485  18.832 0.0000000000
11763  41.516  24.217  20.719 2.7406468391
11764  42.642  24.841  20.546 2.7406468391
11765  42.341  23.786  20.293 2.7406468391
11766  43.359  23.453  19.944 0.0000000000
11767  41.963  22.808  19.978 0.0000000000
11768  41.780  21.782  19.699 0.0000000000
11769  40.759  22.298  20.233 0.0000000000
12155  35.211  33.326  29.002 3.5281891823
12156  34.628  33.740  27.699 2.9611587524
12157  35.509  33.954  27.934 4.0322160721
12158  35.807  34.705  27.101 4.0322160721
12159  36.652  34.210  28.269 4.0322160721
12361  37.804  34.403  28.297 3.2131721973
12362  37.493  33.873  29.232 3.2446739674
12363  41.014  28.070  31.130 3.1501688957
12364  41.805  28.881  31.153 3.1501688957
12365  42.658  27.708  31.181 3.1501688957
12366  44.203  27.254  31.408 0.0000000000
12367  43.484  26.709  31.471 3.0871653557
13477  39.445  39.464  20.029 0.0000000000
13478  39.527  38.234  20.445 3.2761754990
13479  40.418  38.890  21.265 3.5596907139
13480  42.419  38.610  24.342 0.0000000000
13481  42.236  38.049  23.306 0.0000000000
13482  43.174  37.663  24.443 0.0000000000
13483  43.950  36.626  24.612 0.0000000000
13484  43.452  36.801  25.503 0.0000000000
13488  40.445  41.770  21.145 0.0000000000
13490  39.693  40.955  20.028 0.0000000000
13491  38.986  40.228  19.010 0.0000000000
13492  32.995  40.553  22.782 3.1186671257
13493  32.476  41.588  22.344 3.0556638241
13494  33.584  42.071  23.095 3.0241620541
13495  36.715  44.799  22.970 0.0000000000
13496  35.419  44.573  22.541 0.0000000000
13497  36.561  45.852  21.808 0.0000000000
14160  44.969  29.233  22.844 3.0556638241
14161  43.903  28.978  22.245 2.7721486092
14162  44.224  28.300  23.239 3.3391790390
14163  42.005  25.692  24.611 3.2131721973
14164  42.388  26.439  23.629 3.2131721973
14165  41.463  25.547  23.533 3.2131721973
14166  41.149  25.210  22.430 2.9611587524
14167  40.605  24.649  23.248 3.3391790390
14168  39.717  23.804  23.003 3.3391790390
14169  40.025  23.921  24.105 3.3391790390
14171  38.905  22.189  25.281 0.0000000000
14761  35.766  31.476  31.512 0.0000000000
14766  38.031  28.301  31.428 0.0000000000
15955  37.262  33.176  17.445 2.8036501408
15956  36.846  32.350  16.376 0.0000000000
15957  37.993  32.396  17.623 0.0000000000
15958  38.791  31.717  17.823 0.0000000000
15959  39.550  32.512  18.778 2.5201349258
15960  40.382  35.776  21.309 3.6856975555
15961  39.655  35.187  20.563 3.7171990871
15962  41.251  34.765  21.557 3.3391790390
15963  45.102  32.965  22.430 0.0000000000
15964  43.262  33.296  21.594 0.0000000000
15965  44.139  32.577  21.518 0.0000000000
15966  43.013  32.142  20.611 0.0000000000
15967  44.723  31.827  21.595 0.0000000000
15968  45.098  31.037  21.901 0.0000000000
15969  46.365  31.374  22.533 0.0000000000
15970  47.791  29.636  26.619 0.0000000000
15971  47.373  29.646  25.435 0.0000000000
15972  47.166  28.395  26.887 3.7171990871
15973  46.220  27.211  27.138 2.7721486092
15974  46.969  26.882  28.053 2.7721486092
16005  32.363  43.072  20.371 0.0000000000
16006  31.480  42.591  19.421 0.0000000000
18008  41.895  28.108  20.816 3.3706805706
18009  41.011  28.071  19.451 0.0000000000
18010  41.486  27.390  19.750 2.7721486092
18011  43.540  26.015  19.187 3.0871653557
18012  42.683  26.267  18.298 0.0000000000
18013  43.759  26.087  17.971 0.0000000000
18015  45.192  26.029  17.773 0.0000000000
18017  46.037  25.869  18.952 0.0000000000
18030  38.131  21.855  22.102 0.0000000000
18031  38.577  21.225  21.045 0.0000000000
19183  33.269  34.726  25.021 0.0000000000
19184  32.167  34.275  24.614 0.0000000000
19185  32.607  35.465  23.774 0.0000000000
19186  31.860  36.254  22.819 0.0000000000
19187  32.811  36.552  23.155 0.0000000000
19188  32.875  37.789  22.825 3.1501688957
19189  33.552  36.846  23.531 0.0000000000
19190  36.180  36.261  25.433 0.0000000000
19191  35.459  37.253  24.341 3.4651856422
19192  36.399  37.328  24.694 3.4651856422
19193  36.667  38.576  24.140 3.4651856422
19194  37.480  37.388  25.062 0.0000000000
19801  38.901  37.876  25.350 0.0000000000
19802  38.383  36.943  25.899 3.6226940155
19803  40.137  34.740  27.972 0.0000000000
19804  40.404  35.666  27.260 0.0000000000
19805  41.404  34.884  27.626 3.0241620541
19806  42.650  34.851  27.023 0.0000000000
19807  42.302  33.919  27.957 3.0241620541
19808  38.214  31.944  31.000 3.0871653557
19809  38.847  32.943  30.645 3.0871653557
19810  39.412  32.053  30.840 3.7171990871
19811  43.092  30.470  30.491 2.8036501408
19812  42.182  31.749  30.294 0.0000000000
19813  43.550  31.308  29.815 0.0000000000
19814  44.011  32.160  28.921 0.0000000000
19815  44.927  30.837  29.313 0.0000000000
19816  46.282  30.391  28.797 0.0000000000
19817  45.881  29.518  29.755 0.0000000000
19818  46.825  26.262  31.309 0.0000000000
19819  47.282  26.892  30.603 2.7406468391
19820  47.362  25.540  30.697 2.6461417675
19821  46.995  25.010  29.922 2.6461417675
19822  46.933  24.299  30.765 0.0000000000
19833  40.406  23.560  35.007 0.0000000000
19834  42.713  23.382  33.047 2.9611587524
19835  42.260  24.275  33.629 2.9611587524
19836  43.022  24.498  33.157 2.9611587524
19837  42.644  25.348  32.769 3.1501688957
19838  43.883  24.748  32.752 0.0000000000
19839  44.729  25.062  32.446 3.0871653557
19840  44.564  23.862  32.373 0.0000000000
19842  44.868  21.810  31.509 0.0000000000
19844  44.698  22.338  30.197 0.0000000000
23062  40.861  40.902  21.890 0.0000000000
23063  41.075  39.667  22.139 0.0000000000
23064  41.405  40.404  23.063 0.0000000000
23065  41.775  39.582  24.202 0.0000000000
23066  41.844  38.519  25.130 0.0000000000
23067  38.083  44.812  22.952 0.0000000000
23069  39.484  43.845  22.726 0.0000000000
23070  40.560  42.526  22.371 0.0000000000
23071  34.858  41.218  23.535 3.1501688957
23072  34.630  42.391  23.491 2.9296569824
23073  35.667  42.420  23.594 0.0000000000
23074  36.794  43.646  23.636 0.0000000000
23472  44.699  27.718  25.236 3.7171990871
23473  43.892  27.540  24.368 3.3391790390
23474  43.659  26.685  25.486 3.0556638241
23475  42.658  25.639  25.591 3.4021823406
23476  41.576  24.672  25.446 2.6776435375
23477  40.518  23.894  25.142 0.0000000000
23478  41.077  23.696  26.118 2.6776435375
23479  40.606  22.760  26.561 0.0000000000
24549  35.900  34.465  15.871 0.0000000000
24550  36.720  34.027  17.318 0.0000000000
24551  38.003  33.838  18.627 2.8666536808
24552  43.322  35.218  23.176 0.0000000000
24553  42.898  34.401  22.389 0.0000000000
24554  44.458  34.319  23.367 0.0000000000
24555  45.760  33.377  23.495 0.0000000000
24556  46.693  32.535  23.420 0.0000000000
24557  47.312  31.689  23.468 0.0000000000
24558  47.674  31.948  24.589 0.0000000000
24559  47.931  31.010  26.198 0.0000000000
24560  47.906  29.515  27.625 0.0000000000
25781  42.041  26.327  21.190 3.2761754990
25782  41.991  26.718  20.156 2.9926602840
25783  42.521  25.868  20.565 2.9926602840
25784  43.344  25.540  20.212 2.9926602840
25785  44.307  25.417  20.061 3.0871653557
25786  45.461  25.296  19.990 0.0000000000
25787  44.636  24.272  20.080 0.0000000000
26485  33.358  32.444  28.556 0.0000000000
26486  32.618  32.690  27.208 0.0000000000
26487  33.635  33.225  27.464 2.9611587524
26488  33.893  34.137  26.341 0.0000000000
26489  34.201  35.081  25.512 0.0000000000
26490  34.328  35.916  24.581 0.0000000000
26491  35.041  35.251  25.917 0.0000000000
26492  35.962  35.478  26.277 0.0000000000
26493  36.946  35.622  26.662 3.6226940155
26857  38.043  36.013  26.626 3.6226940155
26858  37.928  35.111  27.390 3.2131721973
26859  38.977  34.518  28.151 3.2131721973
26860  39.785  34.083  28.905 0.0000000000
26861  39.583  30.129  31.236 3.0871653557
26862  40.144  31.111  31.163 3.5596907139
26863  40.977  30.050  31.099 3.5596907139
26864  42.537  29.690  30.941 2.8036501408
26865  44.024  29.173  30.819 0.0000000000
26866  45.486  28.720  30.531 2.7406468391
26867  44.883  27.989  31.151 0.0000000000
26868  45.648  26.909  31.559 0.0000000000
26869  46.242  25.803  31.826 0.0000000000
26875  40.340  22.022  34.264 0.0000000000
26876  40.968  23.029  34.260 0.0000000000
26877  41.183  22.095  33.561 0.0000000000
26878  42.055  22.102  33.019 0.0000000000
26879  42.875  22.209  32.585 0.0000000000
26880  43.813  22.386  32.313 0.0000000000
28852  37.790  37.956  18.250 3.1501688957
28853  37.778  36.730  18.887 3.4651856422
28854  38.645  37.507  19.723 3.3391790390
28855  39.761  36.937  20.964 3.6856975555
28856  40.947  36.419  22.002 3.6856975555
28857  41.291  38.373  22.391 3.5596907139
28858  41.594  37.223  22.623 0.0000000000
28859  42.354  36.167  22.896 0.0000000000
28860  43.776  36.009  23.761 0.0000000000
28861  44.726  35.506  24.914 0.0000000000
28862  45.101  34.536  25.984 0.0000000000
28871  38.598  40.942  17.971 0.0000000000
28872  38.166  39.442  18.044 0.0000000000
28873  31.170  39.673  21.417 2.8351519108
28874  30.754  40.688  20.720 0.0000000000
28875  31.547  41.046  21.557 2.8351519108
28876  32.385  42.347  21.506 3.0556638241
28877  33.288  43.618  21.292 0.0000000000
28878  34.515  43.412  22.971 3.0241620541
28879  34.382  44.190  22.031 0.0000000000
28880  34.171  44.855  20.804 0.0000000000
29808  42.603  30.205  20.784 2.8666536808
29809  41.490  29.599  20.156 0.0000000000
29810  42.752  29.392  21.284 2.8666536808
29811  42.806  28.617  21.632 3.3706805706
29812  42.593  27.759  21.876 3.3706805706
29813  43.286  27.343  23.540 3.3706805706
29814  42.699  27.118  22.747 3.3706805706
29815  42.243  26.792  22.012 3.2761754990
29816  41.746  25.772  21.910 3.2761754990
29817  41.116  24.780  21.471 3.1186671257
29818  40.517  23.812  21.198 3.1186671257
29819  39.960  22.874  20.991 3.1186671257
29820  39.631  23.339  21.874 3.1186671257
29821  38.833  22.885  22.604 0.0000000000
29822  38.142  22.202  23.246 0.0000000000
29823  39.488  23.123  24.768 0.0000000000
29824  38.435  22.259  24.304 0.0000000000
29825  37.587  21.286  23.774 0.0000000000
30364  33.996  32.287  29.811 0.0000000000
30365  34.839  32.595  30.102 0.0000000000
30366  35.693  32.889  30.265 0.0000000000
30649  36.929  33.328  30.206 0.0000000000
30650  36.287  32.573  31.026 0.0000000000
30651  36.966  31.726  31.240 0.0000000000
30652  37.656  30.806  31.107 0.0000000000
30654  37.025  29.813  31.328 0.0000000000
30655  38.268  30.035  31.183 0.0000000000
30656  38.842  29.189  31.327 0.0000000000
30657  39.468  28.218  31.200 0.0000000000
30658  40.251  27.323  31.072 0.0000000000
32311  39.455  30.925  18.114 0.0000000000
32312  40.820  30.974  19.193 2.5201349258
32313  38.132  35.491  19.344 3.4651856422
32314  38.822  34.499  19.701 2.8666536808
32315  39.704  33.759  19.810 3.1816704273
32316  42.238  33.923  21.573 0.0000000000
32317  41.402  33.525  20.744 0.0000000000
32318  40.502  33.103  19.776 3.1816704273
32319  41.246  32.391  19.693 2.5201349258
32320  41.881  31.609  19.884 2.8666536808
32321  42.318  30.847  20.312 0.0000000000
32322  43.818  30.611  21.382 2.7721486092
32323  45.225  30.135  22.366 2.7721486092
32324  45.989  29.401  23.397 0.0000000000
32325  47.237  30.604  23.801 0.0000000000
32326  46.737  29.538  24.279 0.0000000000
32327  45.758  28.579  24.838 3.7171990871
32328  45.458  27.530  26.203 3.7171990871
32329  45.218  26.186  27.317 2.7406468391
32330  44.853  24.733  28.232 2.7406468391
32370  30.603  41.465  19.759 0.0000000000
34890  40.563  28.799  19.188 0.0000000000
34891  40.384  27.984  18.056 0.0000000000
34892  40.998  27.388  17.135 0.0000000000
34893  41.841  26.747  18.861 2.9926602840
34894  41.848  26.800  17.548 0.0000000000
34895  41.955  27.064  16.446 0.0000000000
34917  39.630  21.789  20.605 0.0000000000
36318  30.194  38.173  21.051 0.0000000000
36325  30.641  35.814  22.445 0.0000000000
36326  31.012  37.170  21.976 3.1501688957
36327  31.254  38.405  21.639 3.1501688957
36328  32.092  38.693  22.198 3.1501688957
36329  32.971  39.112  22.762 3.1186671257
36330  33.782  39.568  23.218 3.1501688957
36331  34.465  37.051  23.927 0.0000000000
36332  34.599  38.465  23.650 0.0000000000
36333  34.710  39.886  23.560 3.1501688957
36334  35.697  39.885  23.645 0.0000000000
36335  36.822  39.792  23.874 0.0000000000
36336  38.240  39.823  24.170 0.0000000000
37069  39.381  38.934  24.833 0.0000000000
37070  40.380  38.303  25.518 0.0000000000
37071  41.339  37.661  26.038 0.0000000000
37072  39.323  36.405  26.666 0.0000000000
37073  40.812  36.697  26.667 0.0000000000
37074  42.161  36.825  26.246 0.0000000000
37075  42.984  35.874  26.290 0.0000000000
37076  43.936  34.878  26.426 0.0000000000
37077  44.937  33.885  26.840 0.0000000000
37078  38.155  33.517  30.106 3.2446739674
37079  39.338  33.582  29.934 3.8117041588
37080  40.519  33.548  29.443 3.8117041588
37081  40.755  32.059  30.678 3.7171990871
37082  41.384  32.743  29.934 0.0000000000
37083  41.879  33.328  29.008 3.0241620541
37084  43.133  33.171  28.437 2.6776435375
37085  44.486  33.009  27.843 0.0000000000
37086  45.870  32.800  27.351 0.0000000000
37087  46.677  31.414  27.800 0.0000000000
37088  47.404  29.992  28.331 0.0000000000
37089  47.802  28.481  28.667 0.0000000000
37090  46.749  28.239  30.185 2.7406468391
37091  47.650  27.700  29.636 2.7406468391
37092  47.693  27.152  28.899 0.0000000000
37093  46.982  25.888  29.003 2.6461417675
37094  45.978  24.738  29.060 2.6461417675
37095  44.858  23.881  29.040 0.0000000000
37103  39.586  26.591  31.438 0.0000000000
37104  41.104  26.441  31.382 3.1501688957
37107  39.952  24.960  34.303 0.0000000000
37108  41.333  23.968  34.220 2.9611587524
37109  41.165  24.753  33.936 0.0000000000
37110  40.467  25.153  33.341 0.0000000000
37111  41.140  25.425  32.576 3.1501688957
37112  41.892  25.832  32.034 3.1501688957
37113  42.696  26.184  31.633 3.1501688957
37114  44.200  25.933  32.009 3.0871653557
37115  45.527  25.465  32.152 0.0000000000
37116  46.327  24.595  32.014 2.6461417675
37117  44.853  22.793  32.093 0.0000000000
37118  45.879  23.196  31.900 2.6461417675
37119  46.600  23.724  31.427 2.6461417675
37120  45.952  23.192  30.566 0.0000000000
37121  44.924  23.093  29.643 0.0000000000
37122  43.644  23.185  28.778 0.0000000000
40972  39.311  41.357  23.938 0.0000000000
40973  39.887  40.933  24.161 0.0000000000
40974  39.247  40.638  24.228 0.0000000000
40975  38.480  41.711  23.792 0.0000000000
40976  39.158  41.962  23.730 0.0000000000
40977  37.866  41.072  23.813 0.0000000000
40978  37.677  41.759  23.715 0.0000000000
41200  43.953  24.489  27.810 0.0000000000
41201  43.564  24.658  27.363 0.0000000000
41202  43.360  24.130  27.727 0.0000000000
41203  42.774  23.754  27.562 0.0000000000
41204  43.174  23.650  27.999 0.0000000000
41797  36.804  36.745  17.095 0.0000000000
41798  36.737  36.132  17.351 0.0000000000
41799  37.064  36.500  17.779 0.0000000000
41800  45.966  33.967  25.760 0.0000000000
41801  46.143  33.822  25.392 0.0000000000
41802  46.425  33.425  25.972 0.0000000000
41803  46.908  32.855  26.138 0.0000000000
41804  46.584  32.945  26.582 0.0000000000
41808  37.319  37.949  17.339 0.0000000000
41809  37.255  38.332  16.862 0.0000000000
41810  37.023  37.550  16.981 0.0000000000
41811  36.723  37.189  16.514 0.0000000000
41812  29.770  39.226  20.456 0.0000000000
41814  30.037  39.868  20.391 0.0000000000
42480  40.592  30.280  19.072 0.0000000000
42481  40.118  29.842  18.664 0.0000000000
42482  40.707  29.899  19.276 0.0000000000
42483  41.252  23.708  20.543 2.7406468391
42484  41.852  23.976  20.492 2.7406468391
42485  41.680  23.498  20.351 2.7406468391
42486  42.160  23.310  20.154 2.7406468391
42487  41.492  23.026  20.214 2.7406468391
42488  41.348  22.554  20.078 0.0000000000
42489  40.871  22.801  20.359 0.0000000000
42875  35.704  33.452  29.113 3.5281891823
42876  35.386  33.671  28.475 4.0322160721
42877  35.906  33.807  28.589 4.0322160721
42878  36.080  34.144  28.112 4.0322160721
42879  36.464  33.893  28.740 4.0322160721
43081  37.099  34.041  28.717 3.2131721973
43082  36.873  33.761  29.228 3.5281891823
43083  41.434  27.571  31.106 3.1501688957
43084  41.836  27.909  31.116 3.1501688957
43085  42.291  27.359  31.139 3.1501688957
43086  43.052  27.179  31.289 3.1501688957
43087  42.696  26.885  31.292 3.1501688957
44197  39.861  39.805  20.482 0.0000000000
44198  39.939  39.212  20.636 0.0000000000
44199  40.337  39.548  21.100 0.0000000000
44200  42.543  38.177  24.875 0.0000000000
44201  42.792  38.167  24.381 0.0000000000
44202  42.991  37.735  24.932 0.0000000000
44203  43.453  37.311  25.011 0.0000000000
44204  43.027  37.233  25.456 0.0000000000
44208  40.356  40.923  21.028 0.0000000000
44209  40.109  41.344  20.581 0.0000000000
44210  39.959  40.536  20.511 0.0000000000
44211  39.559  40.171  20.006 0.0000000000
44212  33.452  40.734  23.080 3.1186671257
44213  33.188  41.271  22.931 3.0241620541
44214  33.764  41.484  23.224 3.0241620541
44215  37.303  45.407  22.572 0.0000000000
44216  36.666  45.378  22.453 0.0000000000
44880  45.105  28.874  23.360 3.0556638241
44881  44.640  28.764  23.056 3.3391790390
44882  44.556  28.374  23.558 3.3391790390
44883  41.504  25.272  24.479 3.2131721973
44884  41.696  25.638  24.075 3.2131721973
44885  41.247  25.180  23.952 3.2131721973
44886  41.043  25.077  23.394 3.4021823406
44887  40.792  24.706  23.820 3.3391790390
44888  40.304  24.279  23.710 3.3391790390
44889  40.511  24.320  24.250 3.3391790390
46675  37.930  33.176  18.074 2.8036501408
46676  37.602  32.768  17.527 0.0000000000
46677  38.352  32.822  18.159 0.0000000000
46678  38.759  32.482  18.232 0.0000000000
46679  39.173  32.906  18.789 0.0000000000
46680  41.080  35.505  21.817 3.6856975555
46681  40.788  35.249  21.469 3.6856975555
46682  41.555  35.018  21.895 0.0000000000
46683  45.538  32.621  22.406 0.0000000000
46684  44.649  32.816  22.003 0.0000000000
46685  45.003  32.387  21.961 0.0000000000
46686  44.432  32.171  21.523 0.0000000000
46687  45.329  32.026  21.984 0.0000000000
46688  45.596  31.643  22.057 0.0000000000
46689  46.224  31.834  22.415 0.0000000000
46690  47.705  28.877  27.275 0.0000000000
46691  47.499  28.984  26.748 0.0000000000
46692  47.423  28.243  27.364 2.7721486092
46693  47.061  27.621  27.478 2.7721486092
46694  47.364  27.475  27.936 2.7721486092
46725  32.766  43.672  20.186 0.0000000000
46726  32.337  43.362  19.722 0.0000000000
48728  41.894  27.727  20.982 3.3706805706
48729  41.588  27.753  20.280 2.7721486092
48730  41.737  27.399  20.459 2.7721486092
48731  44.042  25.949  19.147 3.0871653557
48732  43.641  26.037  18.568 0.0000000000
48733  44.243  25.983  18.481 0.0000000000
48734  44.476  26.052  17.871 0.0000000000
48735  44.913  25.957  18.418 0.0000000000
48736  45.630  25.945  18.321 0.0000000000
48737  45.332  25.866  19.007 0.0000000000
48750  37.765  21.495  22.389 0.0000000000
49903  33.441  35.224  24.583 0.0000000000
49904  32.965  35.111  24.322 0.0000000000
49905  33.103  35.580  24.009 0.0000000000
49906  32.752  35.996  23.465 0.0000000000
49907  33.153  36.117  23.674 0.0000000000
49908  33.156  36.715  23.345 0.0000000000
49909  33.524  36.248  23.844 0.0000000000
49910  36.640  36.388  25.610 0.0000000000
49911  36.282  36.776  25.051 0.0000000000
49912  36.744  36.845  25.215 0.0000000000
49913  36.903  37.314  24.878 3.4651856422
49914  37.254  36.922  25.406 3.6226940155
50521  37.936  37.181  25.471 3.6226940155
50522  37.681  36.698  25.816 3.6226940155
50523  40.628  34.484  28.263 0.0000000000
50524  40.764  34.808  27.826 0.0000000000
50525  41.265  34.490  28.053 3.0241620541
50526  41.877  34.372  27.777 3.0241620541
50527  41.682  34.020  28.241 3.0241620541
50528  38.529  31.445  30.964 3.0871653557
50529  38.810  31.988  30.880 3.0871653557
50530  39.125  31.497  30.939 3.7171990871
50531  43.802  30.225  30.308 0.0000000000
50532  43.346  30.878  30.192 0.0000000000
50533  44.024  30.646  29.966 0.0000000000
50534  44.232  31.079  29.576 0.0000000000
50535  44.716  30.389  29.759 0.0000000000
50536  45.431  30.151  29.527 0.0000000000
50537  45.216  29.701  29.933 0.0000000000
50538  46.964  25.649  31.438 0.0000000000
50539  47.166  25.912  31.064 2.6461417675
50540  47.231  25.259  31.161 0.0000000000
50541  47.212  24.891  30.759 2.6461417675
50542  47.092  24.619  31.160 2.6461417675
50553  40.248  23.144  35.036 0.0000000000
50554  43.132  23.470  32.868 2.9926602840
50555  42.931  23.971  33.127 2.9611587524
50556  43.368  24.070  32.958 0.0000000000
50557  43.441  24.606  32.954 0.0000000000
50558  43.810  24.201  32.799 0.0000000000
50559  44.265  24.344  32.625 0.0000000000
50560  44.079  23.744  32.551 0.0000000000
53797  41.014  41.211  22.392 0.0000000000
53798  41.149  40.609  22.461 0.0000000000
53799  41.181  40.961  23.036 0.0000000000
53800  40.953  40.041  24.483 0.0000000000
53801  41.405  40.115  24.143 0.0000000000
53802  41.472  39.605  24.648 0.0000000000
53803  41.878  39.077  24.695 0.0000000000
53804  41.386  38.932  25.031 0.0000000000
53805  38.129  44.219  23.333 0.0000000000
53806  38.829  44.397  22.863 0.0000000000
53807  38.800  43.796  23.234 0.0000000000
53808  40.368  42.198  23.194 0.0000000000
53809  40.272  42.759  22.957 0.0000000000
53810  40.775  42.071  22.643 0.0000000000
53811  40.804  41.726  22.083 0.0000000000
53812  35.370  41.230  23.590 0.0000000000
53813  35.230  41.802  23.588 0.0000000000
53814  35.745  41.836  23.639 0.0000000000
53815  37.525  43.032  23.655 0.0000000000
53816  36.818  43.055  23.671 0.0000000000
53817  37.494  43.688  23.631 0.0000000000
53818  37.453  44.260  23.431 0.0000000000
54480  44.581  27.139  25.850 3.7171990871
54481  44.189  27.201  25.405 3.7171990871
54482  44.062  26.603  25.923 3.0556638241
54483  42.832  24.940  26.451 3.4021823406
54484  43.011  25.536  26.047 3.4021823406
54485  42.515  25.028  26.012 3.4021823406
54486  42.126  25.149  25.543 3.4021823406
54487  41.906  24.580  25.931 2.6776435375
54488  41.333  24.158  25.813 2.6776435375
54489  41.641  24.076  26.216 2.6776435375
54490  41.548  23.050  27.170 0.0000000000
54491  41.204  23.132  26.765 0.0000000000
54492  40.974  22.695  26.977 0.0000000000
54493  40.403  22.301  26.762 0.0000000000
56274  35.872  35.101  15.765 0.0000000000
56275  36.840  34.917  17.716 0.0000000000
56276  36.526  34.555  17.203 0.0000000000
56277  36.987  34.407  17.816 0.0000000000
56278  37.296  33.942  17.949 2.8036501408
56279  37.626  34.283  18.477 2.8036501408
56280  44.127  35.164  23.610 0.0000000000
56281  43.879  34.775  23.277 0.0000000000
56282  44.622  34.691  23.781 0.0000000000
56283  46.435  33.442  24.514 0.0000000000
56284  45.821  33.675  23.987 0.0000000000
56285  46.405  33.218  24.016 0.0000000000
56286  46.277  32.959  23.464 0.0000000000
56287  46.899  32.773  23.993 0.0000000000
56288  47.273  32.323  23.914 0.0000000000
56289  47.345  32.476  24.548 0.0000000000
56290  47.565  31.631  26.554 0.0000000000
56291  47.800  31.681  25.971 0.0000000000
56292  47.806  30.961  26.811 0.0000000000
56293  47.998  30.262  27.013 0.0000000000
56294  47.826  30.273  27.466 0.0000000000
56303  38.180  40.925  16.866 0.0000000000
56305  37.892  40.523  16.400 0.0000000000
56306  37.123  39.153  15.667 0.0000000000
56307  37.437  39.883  15.553 0.0000000000
58328  42.000  25.818  21.192 3.2761754990
58329  42.209  26.072  20.835 2.9926602840
58330  42.250  25.598  20.850 2.9926602840
58331  43.136  24.672  20.371 2.7406468391
58332  43.069  25.178  20.421 2.9926602840
58333  43.524  25.055  20.295 3.0871653557
58334  43.790  25.481  20.090 3.0871653557
58335  44.049  24.993  20.234 0.0000000000
58336  44.552  24.881  20.170 0.0000000000
58337  44.151  24.411  20.147 0.0000000000
58338  43.197  22.922  19.735 0.0000000000
58339  43.882  23.294  19.775 0.0000000000
58340  43.725  22.789  19.568 0.0000000000
58345  41.106  21.530  19.850 0.0000000000
59500  33.850  32.703  28.674 0.0000000000
59501  33.494  32.809  28.014 0.0000000000
59502  33.993  33.090  28.126 0.0000000000
59503  34.765  34.137  27.188 2.9611587524
59504  34.259  33.911  27.000 2.9611587524
59505  34.407  34.368  26.549 0.0000000000
59506  34.069  34.628  25.867 0.0000000000
59507  34.529  34.793  26.136 0.0000000000
59508  34.623  35.183  25.727 0.0000000000
59509  34.956  34.900  26.350 2.8351519108
59510  36.305  34.811  27.285 4.0322160721
59511  35.830  35.062  26.638 2.8351519108
59512  36.363  35.192  26.844 2.8351519108
59513  36.440  35.608  26.497 0.0000000000
59514  36.923  35.225  27.042 3.2131721973
60121  37.415  35.369  27.047 0.0000000000
60122  37.449  34.985  27.419 3.2131721973
60123  38.251  34.209  28.774 3.2131721973
60124  38.414  34.435  28.293 3.2131721973
60125  38.838  34.234  28.656 3.2131721973
60126  39.401  34.285  28.538 0.0000000000
60127  39.207  34.055  29.088 0.0000000000
60128  39.899  29.670  31.259 3.0871653557
60129  40.238  30.145  31.198 3.0871653557
60130  40.613  29.598  31.177 3.0871653557
60131  42.582  28.714  31.098 3.2446739674
60132  42.211  29.271  31.075 2.8036501408
60133  42.967  29.056  31.040 3.2446739674
60134  43.276  29.423  30.887 0.0000000000
60135  43.723  28.814  30.990 2.7721486092
60136  44.458  28.585  30.952 2.7721486092
60137  44.170  28.194  31.142 2.7721486092
60138  44.625  26.790  31.550 3.0871653557
60139  44.950  27.139  31.551 0.0000000000
60140  45.331  26.629  31.644 0.0000000000
60141  45.970  26.350  31.660 0.0000000000
60142  45.634  26.110  31.793 0.0000000000
60152  40.743  22.070  33.878 0.0000000000
60157  42.460  22.140  32.788 0.0000000000
63472  38.196  38.358  18.696 3.3391790390
63473  38.169  37.752  18.975 3.3391790390
63474  38.603  38.154  19.413 3.3391790390
63475  40.009  37.928  21.061 3.5596907139
63476  39.586  37.573  20.710 3.2761754990
63477  40.148  37.309  21.303 3.5596907139
63478  40.356  36.679  21.498 3.6856975555
63479  40.677  37.045  21.863 3.6856975555
63480  41.367  39.412  22.733 0.0000000000
63481  41.183  39.016  22.262 3.5596907139
63482  41.493  38.774  22.778 3.5596907139
63483  42.558  37.510  23.430 0.0000000000
63484  41.952  37.640  22.926 0.0000000000
63485  42.238  37.113  23.067 0.0000000000
63486  41.937  36.682  22.758 0.0000000000
63487  42.663  36.605  23.216 0.0000000000
63488  43.104  36.110  23.330 0.0000000000
63489  43.364  36.521  23.669 0.0000000000
63490  44.131  36.201  25.149 0.0000000000
63491  44.295  36.065  24.703 0.0000000000
63492  44.472  35.636  25.255 0.0000000000
63493  44.892  35.047  25.495 0.0000000000
63494  44.601  35.107  25.801 0.0000000000
63512  38.950  41.358  18.506 0.0000000000
63513  38.781  39.450  19.030 0.0000000000
63514  38.587  39.825  18.538 0.0000000000
63515  38.371  39.085  18.590 0.0000000000
63516  38.002  38.731  18.149 3.1501688957
63517  31.644  39.835  21.770 2.8351519108
63518  31.357  40.374  21.461 2.8351519108
63519  31.825  40.564  21.863 2.8351519108
63520  32.899  42.300  22.425 3.0241620541
63521  32.373  42.016  22.000 3.0556638241
63522  32.856  42.569  21.990 3.0241620541
63523  32.848  42.948  21.433 3.0556638241
63524  33.338  43.231  21.876 3.0241620541
63525  35.077  42.960  23.399 2.9296569824
63526  34.561  42.899  23.277 3.0241620541
63527  35.006  43.530  23.198 0.0000000000
63528  35.373  45.037  21.970 0.0000000000
63529  34.947  44.462  22.299 0.0000000000
63530  34.846  44.825  21.726 0.0000000000
63531  34.286  44.555  21.467 0.0000000000
63532  34.686  45.143  21.122 0.0000000000
65520  43.288  30.033  21.310 2.8666536808
65521  42.597  29.784  21.029 2.8666536808
65522  43.354  29.637  21.525 2.8666536808
65523  43.700  28.520  22.437 0.0000000000
65524  43.397  28.794  21.969 3.3706805706
65525  43.240  28.434  22.122 3.3706805706
65526  42.753  28.226  21.778 3.3706805706
65527  43.016  27.951  22.233 3.3706805706
65528  43.399  27.040  24.551 3.3391790390
65529  43.576  27.442  23.949 3.3391790390
65530  43.122  26.963  24.086 3.3706805706
65531  42.141  26.324  23.150 3.2131721973
65532  42.555  26.775  23.158 3.3706805706
65533  42.317  26.655  22.762 3.2761754990
65534  42.441  26.957  22.391 3.3706805706
65535  42.148  26.499  22.397 3.2761754990
65536  42.023  26.314  22.007 3.2761754990
65537  41.833  25.979  22.311 3.2761754990
65538  40.809  24.796  22.286 3.1186671257
65539  41.100  25.011  21.932 2.9611587524
65540  40.795  24.544  21.793 3.1186671257
65541  40.829  24.288  21.329 3.1186671257
65542  40.420  24.107  21.612 3.1186671257
65543  40.031  23.627  21.509 3.1186671257
65544  40.025  23.831  22.014 3.1186671257
65545  39.361  23.460  23.382 3.3391790390
65546  39.254  23.349  22.826 3.3391790390
65547  38.910  23.072  23.147 0.0000000000
65548  38.463  22.646  22.915 0.0000000000
65549  38.578  22.704  23.492 0.0000000000
65550  40.247  23.451  25.456 0.0000000000
65551  40.003  23.528  24.957 0.0000000000
65552  39.742  23.060  25.272 0.0000000000
65553  38.387  21.802  25.020 0.0000000000
65554  38.650  22.225  24.788 0.0000000000
65555  38.159  21.806  24.531 0.0000000000
65556  37.994  21.777  24.043 0.0000000000
66712  34.996  32.446  30.672 0.0000000000
66713  35.251  32.771  30.181 0.0000000000
66714  35.404  32.544  30.752 0.0000000000
67321  35.965  32.759  30.662 0.0000000000
67322  35.686  32.341  31.094 0.0000000000
67323  36.115  31.055  31.394 0.0000000000
67324  36.367  31.590  31.358 0.0000000000
67325  36.685  31.105  31.267 0.0000000000
67326  37.299  31.288  31.180 0.0000000000
67327  37.048  30.704  31.217 0.0000000000
67333  37.291  29.450  31.394 0.0000000000
67334  37.640  29.898  31.252 0.0000000000
67335  37.953  29.514  31.316 0.0000000000
67336  38.578  29.624  31.240 0.0000000000
67337  38.256  29.118  31.369 0.0000000000
67338  38.361  27.898  31.416 0.0000000000
67339  38.763  28.304  31.357 0.0000000000
67340  39.093  27.829  31.243 0.0000000000
67341  39.826  27.777  31.092 0.0000000000
67342  39.480  27.411  31.157 0.0000000000
70908  37.193  31.944  16.504 0.0000000000
70915  39.521  31.723  18.419 0.0000000000
70916  39.147  31.320  17.972 0.0000000000
70917  39.825  31.302  18.561 2.5201349258
70918  40.121  30.967  18.686 2.5201349258
70919  40.583  31.347  19.057 2.5201349258
70920  38.367  36.502  19.604 3.4651856422
70921  37.961  36.101  19.164 3.4651856422
70922  38.568  35.879  19.807 3.4651856422
70923  40.046  34.690  20.678 3.1816704273
70924  39.227  34.832  20.157 3.1816704273
70925  39.664  34.388  20.233 3.1816704273
70926  39.258  34.060  19.758 3.1816704273
70927  40.129  33.997  20.279 3.1816704273
70928  43.465  34.032  22.448 2.6461417675
70929  42.578  34.122  21.974 0.0000000000
70930  43.164  33.782  22.029 0.0000000000
70931  42.809  33.069  21.106 0.0000000000
70932  42.315  33.398  21.166 0.0000000000
70933  41.846  33.150  20.670 0.0000000000
70934  40.964  33.306  20.248 3.1816704273
70935  41.384  32.966  20.166 3.1186671257
70936  40.922  32.751  19.673 2.5201349258
70937  41.790  32.622  20.117 2.8666536808
70938  43.225  31.738  20.700 0.0000000000
70939  42.409  31.893  20.226 2.8666536808
70940  42.659  31.494  20.389 2.8666536808
70941  42.070  31.196  20.052 2.8666536808
70942  42.904  31.107  20.605 0.0000000000
70943  43.100  30.725  20.869 2.8666536808
70944  43.673  30.989  21.112 0.0000000000
70945  45.846  30.733  22.371 0.0000000000
70946  45.185  30.590  22.108 2.7721486092
70947  45.829  30.278  22.642 0.0000000000
70948  45.702  29.799  22.903 0.0000000000
70949  46.211  29.894  23.203 0.0000000000
70950  47.618  31.298  24.195 0.0000000000
70951  47.334  31.152  23.608 0.0000000000
70952  47.555  30.755  24.372 0.0000000000
70953  46.962  29.079  25.603 0.0000000000
70954  47.033  29.591  24.850 0.0000000000
70955  46.600  29.105  25.067 0.0000000000
70956  46.240  29.072  24.534 0.0000000000
70957  46.123  28.621  25.327 3.7171990871
70958  45.625  28.069  25.600 3.7171990871
70959  45.981  28.024  26.059 3.7171990871
70960  46.156  26.449  27.680 0.0000000000
70961  45.730  26.684  27.237 0.0000000000
70962  45.635  25.941  27.766 0.0000000000
70963  45.066  25.400  27.811 2.7406468391
70964  45.467  25.160  28.257 0.0000000000
71055  31.075  41.258  20.706 0.0000000000
71056  30.654  41.104  20.298 0.0000000000
71057  31.035  41.622  20.198 0.0000000000
77063  41.578  29.233  20.298 0.0000000000
77064  40.959  29.228  19.691 0.0000000000
77065  41.040  28.847  19.822 0.0000000000
77066  40.941  27.712  18.918 0.0000000000
77067  40.651  28.001  18.778 0.0000000000
77068  40.719  27.663  18.210 0.0000000000
77069  40.645  27.645  17.553 0.0000000000
77070  41.001  27.367  17.750 0.0000000000
77071  42.252  26.434  19.749 2.9926602840
77072  41.894  26.744  19.515 2.9926602840
77073  42.226  26.484  19.142 2.9926602840
77074  42.774  26.337  17.683 0.0000000000
77075  42.225  26.494  17.909 0.0000000000
77076  42.345  26.609  17.308 0.0000000000
77077  41.886  26.899  17.008 0.0000000000
77078  42.430  26.766  16.742 0.0000000000
77093  45.683  24.711  20.102 0.0000000000
77094  46.148  25.248  19.975 0.0000000000
77130  39.467  22.638  21.254 0.0000000000
77131  39.779  22.338  20.818 0.0000000000
77132  39.264  22.108  21.033 0.0000000000
80574  30.075  37.506  21.247 0.0000000000
80583  32.765  33.132  26.619 0.0000000000
80585  32.355  33.376  25.792 0.0000000000
80586  31.797  34.611  23.986 0.0000000000
80587  31.556  34.008  24.449 0.0000000000
80588  31.211  34.378  23.857 0.0000000000
80590  30.820  34.735  23.282 0.0000000000
80591  30.427  35.146  22.782 0.0000000000
80592  31.033  35.381  22.935 0.0000000000
80593  32.024  36.856  22.593 0.0000000000
80594  31.459  36.735  22.398 0.0000000000
80595  31.571  37.322  22.200 3.1501688957
80596  31.148  37.785  21.800 3.1501688957
80597  31.662  37.919  22.041 3.1501688957
80598  31.686  38.526  21.914 3.1501688957
80599  32.111  38.060  22.280 3.1501688957
80600  33.301  37.981  23.007 0.0000000000
80601  32.952  38.434  22.755 0.0000000000
80602  33.375  38.653  22.961 0.0000000000
80603  33.372  39.379  22.993 3.1186671257
80604  33.756  38.872  23.184 0.0000000000
80605  34.792  35.987  24.839 0.0000000000
80606  34.383  36.406  24.199 0.0000000000
80607  34.887  36.515  24.451 0.0000000000
80608  35.556  37.899  24.106 3.4651856422
80609  35.056  37.870  23.947 3.4651856422
80610  35.100  38.580  23.817 3.4651856422
80611  34.660  39.218  23.608 3.1501688957
80612  35.104  39.261  23.740 0.0000000000
80613  35.174  39.898  23.649 0.0000000000
80614  35.625  39.235  23.788 0.0000000000
80615  37.235  38.475  24.315 0.0000000000
80616  36.731  39.159  23.999 3.4651856422
80617  37.400  39.174  24.114 0.0000000000
80618  37.550  39.833  23.974 0.0000000000
80619  38.069  39.168  24.307 0.0000000000
82441  38.813  39.377  24.487 0.0000000000
82442  38.619  38.738  24.658 0.0000000000
82443  39.349  37.664  25.767 0.0000000000
82444  39.651  38.109  25.480 0.0000000000
82445  40.114  37.862  25.842 0.0000000000
82446  40.854  38.000  25.807 0.0000000000
82447  40.589  37.584  26.161 0.0000000000
82448  38.530  35.732  26.935 3.6226940155
82449  38.658  36.253  26.634 3.6226940155
82450  39.218  35.868  26.926 0.0000000000
82451  41.063  35.773  27.102 0.0000000000
82452  40.592  36.187  26.959 0.0000000000
82453  41.263  36.298  26.811 0.0000000000
82454  41.493  36.807  26.547 0.0000000000
82455  41.907  36.340  26.566 0.0000000000
82456  42.578  36.366  26.271 0.0000000000
82457  42.330  35.871  26.597 0.0000000000
82458  43.071  34.399  27.140 3.0241620541
82459  43.275  34.845  26.710 0.0000000000
82460  43.763  34.433  26.854 0.0000000000
82461  44.444  34.347  26.596 0.0000000000
82462  44.253  33.943  27.058 0.0000000000
82463  37.243  33.124  30.658 3.0871653557
82464  37.533  33.420  30.177 3.2446739674
82465  37.885  33.167  30.490 3.0871653557
82466  39.411  32.917  30.490 3.7171990871
82467  39.096  33.299  30.347 3.7171990871
82468  39.692  33.245  30.125 3.7171990871
82469  39.936  33.541  29.676 3.8117041588
82470  40.252  33.262  29.893 3.7171990871
82471  40.886  31.057  31.032 3.5596907139
82472  40.464  31.612  31.002 3.7171990871
82473  41.181  31.504  30.809 0.0000000000
82474  42.469  32.136  29.905 0.0000000000
82475  41.764  32.269  30.162 0.0000000000
82476  42.047  32.600  29.735 0.0000000000
82477  41.638  33.032  29.505 0.0000000000
82478  42.296  32.926  29.267 0.0000000000
82479  42.511  33.251  28.765 2.6776435375
82480  42.920  32.810  28.978 2.6776435375
82481  44.722  31.934  28.620 0.0000000000
82482  44.259  32.524  28.397 0.0000000000
82483  44.958  32.411  28.108 0.0000000000
82484  45.170  32.928  27.598 0.0000000000
82485  45.646  32.299  27.831 0.0000000000
82486  46.271  32.122  27.588 0.0000000000
82487  46.041  31.631  28.073 0.0000000000
82488  46.737  29.715  29.093 0.0000000000
82489  46.907  30.200  28.560 0.0000000000
82490  47.278  29.509  28.853 0.0000000000
82491  47.752  29.215  28.544 0.0000000000
82492  47.641  28.774  29.032 2.7721486092
82493  45.873  28.085  30.796 2.7406468391
82494  46.092  28.483  30.370 2.7406468391
82495  46.491  27.835  30.619 2.7406468391
82496  47.567  26.567  30.206 2.6461417675
82497  47.482  27.295  30.122 2.7406468391
82498  47.680  26.949  29.740 0.0000000000
82499  47.790  27.397  29.273 0.0000000000
82500  47.645  26.712  29.342 0.0000000000
82501  47.391  26.520  28.945 0.0000000000
82502  47.364  26.054  29.408 2.6461417675
82503  46.512  24.396  29.954 0.0000000000
82504  46.506  24.842  29.505 2.6461417675
82505  46.008  24.298  29.494 0.0000000000
82506  45.420  24.260  29.067 0.0000000000
82507  45.470  23.868  29.455 0.0000000000
82526  39.646  25.977  31.968 0.0000000000
82527  39.233  26.316  31.742 0.0000000000
82528  40.010  26.193  31.627 0.0000000000
82529  40.345  26.517  31.359 0.0000000000
82530  40.741  26.145  31.611 0.0000000000
82538  40.280  24.707  34.596 0.0000000000
82539  41.386  23.116  33.924 2.9611587524
82540  41.174  23.503  34.240 2.9611587524
82541  41.648  23.598  33.865 2.9611587524
82542  42.145  24.700  33.498 2.9611587524
82543  41.758  24.576  33.786 2.9611587524
82544  41.515  24.887  33.574 2.9611587524
82545  40.829  24.974  33.662 0.0000000000
82546  41.166  25.102  33.286 0.0000000000
82547  40.807  25.257  32.938 0.0000000000
82548  41.517  25.242  32.943 3.1501688957
82549  43.030  25.476  32.557 3.1501688957
82550  42.266  25.576  32.367 3.1501688957
82551  42.662  25.724  32.164 3.1501688957
82552  42.296  25.981  31.819 3.1501688957
82553  43.061  25.885  31.991 3.0871653557
82554  43.459  26.101  31.837 3.0871653557
82555  43.807  25.771  32.163 3.0871653557
82556  45.202  24.691  32.308 0.0000000000
82557  45.147  25.270  32.291 3.0871653557
82558  45.628  24.885  32.212 2.6461417675
82559  46.017  25.070  32.118 0.0000000000
82560  45.987  24.409  32.159 2.6461417675
82561  43.851  21.855  32.139 0.0000000000
82562  44.327  22.581  32.188 0.0000000000
82563  44.361  22.040  32.030 0.0000000000
82564  45.291  22.124  31.305 0.0000000000
82565  45.453  22.519  31.713 0.0000000000
82566  45.887  22.777  31.539 2.6461417675
82567  46.286  23.450  31.710 2.6461417675
82568  46.155  23.071  31.302 2.6461417675
82569  46.366  23.410  31.012 0.0000000000
82570  45.813  22.835  30.869 0.0000000000
82571  44.156  22.374  29.764 0.0000000000
82572  44.846  22.721  29.935 0.0000000000
82573  44.314  22.768  29.511 0.0000000000
82574  44.284  23.101  29.241 0.0000000000
92182  40.553  41.724  23.538 0.0000000000
92183  40.953  41.165  23.577 0.0000000000
92184  40.494  41.147  23.971 0.0000000000
92185  40.427  40.484  24.328 0.0000000000
92186  40.385  39.779  24.669 0.0000000000
92187  38.265  42.941  23.585 0.0000000000
92188  38.933  43.155  23.388 0.0000000000
92189  39.064  42.565  23.563 0.0000000000
92190  39.826  42.182  23.586 0.0000000000
92191  36.458  41.163  23.678 0.0000000000
92192  36.282  41.820  23.647 0.0000000000
92193  36.938  41.803  23.669 0.0000000000
92194  37.520  42.398  23.638 0.0000000000
92592  44.353  25.803  26.950 2.7406468391
92593  43.907  25.989  26.427 3.0556638241
92594  43.777  25.323  26.938 2.7406468391
92595  43.211  24.797  26.919 2.7406468391
92596  42.583  24.388  26.815 0.0000000000
92597  42.000  24.001  26.665 2.6776435375
92598  42.374  23.886  27.126 0.0000000000
92599  42.156  23.398  27.369 0.0000000000
92600  41.952  22.976  27.633 0.0000000000
93667  36.185  36.043  16.098 0.0000000000
93668  36.101  35.412  16.332 0.0000000000
93669  36.422  35.769  16.853 0.0000000000
93670  36.752  35.509  17.558 0.0000000000
93671  37.165  35.270  18.212 0.0000000000
93672  45.243  34.744  24.676 0.0000000000
93673  45.331  34.510  24.283 0.0000000000
93674  45.763  34.194  24.841 0.0000000000
93675  46.346  33.649  24.962 0.0000000000
93676  46.922  33.121  25.036 0.0000000000
93677  47.324  32.634  25.136 0.0000000000
93678  47.151  32.760  25.670 0.0000000000
93679  47.295  32.237  26.318 0.0000000000
93680  47.319  31.641  26.985 0.0000000000
93686  37.732  39.461  17.089 0.0000000000
93687  37.648  39.803  16.556 0.0000000000
93688  37.460  39.092  16.719 0.0000000000
93689  37.157  38.740  16.265 0.0000000000
93690  36.864  38.396  15.775 0.0000000000
93692  36.664  37.623  15.889 0.0000000000
93693  36.409  36.845  16.037 0.0000000000
94896  39.371  30.150  17.825 0.0000000000
94900  39.985  29.056  18.313 0.0000000000
94901  41.750  24.767  20.922 3.0241620541
94902  42.196  25.084  20.785 2.9926602840
94903  42.089  24.503  20.643 2.7406468391
94904  42.526  24.299  20.427 2.7406468391
94905  43.056  24.118  20.239 2.7406468391
94906  43.566  23.991  20.092 0.0000000000
94907  42.866  23.622  20.094 2.7406468391
94908  42.658  23.108  19.925 2.7406468391
94909  42.471  22.580  19.743 0.0000000000
94910  42.346  22.082  19.577 0.0000000000
94911  41.886  22.311  19.810 0.0000000000
94912  41.272  22.047  19.926 0.0000000000
94913  40.632  21.781  20.109 0.0000000000
95605  34.758  33.096  28.922 0.0000000000
95606  34.477  33.341  28.237 2.9611587524
95607  34.943  33.517  28.403 4.0322160721
95608  35.088  33.901  27.871 4.0322160721
95609  35.217  34.281  27.387 4.0322160721
95610  35.320  34.643  26.949 4.0322160721
95611  35.693  34.332  27.524 4.0322160721
95612  36.230  34.468  27.734 4.0322160721
95613  36.783  34.514  27.830 4.0322160721
95977  37.377  34.633  27.828 3.2131721973
95978  37.240  34.323  28.251 3.2131721973
95979  37.664  34.129  28.770 3.2131721973
95980  38.066  33.961  29.299 3.2446739674
95981  40.591  28.587  31.183 0.0000000000
95982  40.992  29.043  31.190 3.1501688957
95983  41.386  28.482  31.177 3.1501688957
95984  42.221  28.297  31.112 3.1501688957
95985  43.021  28.094  31.207 3.1501688957
95986  43.802  27.820  31.254 0.0000000000
95987  43.421  27.469  31.302 0.0000000000
95988  43.838  26.964  31.437 3.0871653557
95989  44.257  26.524  31.622 3.0871653557
97987  39.043  39.106  19.566 0.0000000000
97988  39.062  38.528  19.808 3.3391790390
97989  39.514  38.903  20.202 3.3391790390
97990  40.010  38.578  20.800 3.5596907139
97991  40.468  38.267  21.460 3.5596907139
97992  42.140  38.901  23.747 0.0000000000
97993  41.938  38.576  23.263 0.0000000000
97994  42.404  38.380  23.791 0.0000000000
97995  42.744  37.893  23.870 0.0000000000
97996  43.145  37.395  23.973 0.0000000000
97997  43.562  36.897  24.037 0.0000000000
97998  43.575  37.152  24.524 0.0000000000
97999  43.805  36.775  25.079 0.0000000000
98000  43.848  36.255  25.544 0.0000000000
98006  40.402  42.597  21.332 0.0000000000
98008  40.208  42.186  20.681 0.0000000000
98009  39.843  41.754  20.098 0.0000000000
98010  39.499  41.403  19.565 0.0000000000
98011  39.156  41.035  19.034 0.0000000000
98012  39.346  40.591  19.515 0.0000000000
98013  39.188  39.824  19.516 0.0000000000
98014  32.529  40.307  22.460 2.8351519108
98015  32.227  40.829  22.236 2.8351519108
98016  32.686  41.074  22.598 2.8351519108
98017  33.022  41.837  22.736 3.0241620541
98018  33.447  42.567  22.800 3.0241620541
98019  36.132  44.207  23.175 0.0000000000
98020  35.505  44.132  23.023 0.0000000000
98021  36.057  44.713  22.778 0.0000000000
98022  35.977  45.239  22.207 0.0000000000
98023  35.872  45.707  21.602 0.0000000000
99216  44.531  29.548  22.310 2.7721486092
99217  43.981  29.429  22.018 2.7721486092
99218  44.475  29.131  22.530 2.7721486092
99219  44.165  28.652  22.743 0.0000000000
99220  43.824  28.188  22.907 3.3391790390
99221  42.470  26.119  24.659 3.2131721973
99222  42.670  26.573  24.124 3.2131721973
99223  42.198  26.066  24.151 3.2131721973
99224  41.929  25.978  23.612 3.2131721973
99225  41.738  25.864  23.057 3.2131721973
99226  41.591  25.677  22.603 3.2761754990
99227  41.300  25.399  22.957 3.2131721973
99228  40.881  24.965  22.827 3.4021823406
99229  40.490  24.558  22.669 3.1186671257
99230  40.068  24.058  22.567 3.1186671257
99231  40.166  24.235  23.123 3.3391790390
99232  39.835  23.868  23.588 3.3391790390
99233  39.548  23.528  23.927 3.3391790390
99234  39.711  22.478  25.944 0.0000000000
99235  39.450  22.570  25.524 0.0000000000
99236  39.192  22.137  25.741 0.0000000000
99237  38.654  21.772  25.508 0.0000000000
100297  35.447  31.879  31.468 0.0000000000
100306  37.798  28.687  31.444 0.0000000000
100308  37.695  27.939  31.589 0.0000000000
100309  38.059  27.488  31.512 0.0000000000
102447  36.719  33.206  16.816 0.0000000000
102448  36.512  32.788  16.221 0.0000000000
102449  36.998  32.758  16.898 0.0000000000
102450  37.298  32.339  17.035 0.0000000000
102451  37.688  31.969  17.148 0.0000000000
102452  38.120  31.632  17.258 0.0000000000
102453  38.399  32.061  17.707 0.0000000000
102454  39.148  32.121  18.316 0.0000000000
102455  39.938  32.129  18.843 2.5201349258
102456  39.654  35.998  20.808 3.6856975555
102457  39.280  35.683  20.428 3.7171990871
102458  40.030  35.481  20.967 3.6856975555
102459  40.455  34.992  21.106 3.3391790390
102460  40.896  34.533  21.207 3.3391790390
102461  44.630  33.284  22.459 2.6461417675
102462  43.709  33.462  22.022 2.6461417675
102463  44.214  33.156  22.008 2.6461417675
102464  43.774  32.975  21.546 0.0000000000
102465  43.282  32.740  21.047 0.0000000000
102466  42.698  32.509  20.566 0.0000000000
102467  43.644  32.363  21.037 0.0000000000
102468  43.836  31.961  21.082 0.0000000000
102469  44.099  31.601  21.206 0.0000000000
102470  44.327  31.232  21.393 0.0000000000
102471  44.978  31.452  21.753 0.0000000000
102472  45.777  31.230  22.182 0.0000000000
102473  46.412  30.886  22.734 0.0000000000
102474  47.842  30.327  25.836 0.0000000000
102475  47.630  30.257  25.227 0.0000000000
102476  47.650  29.697  26.037 0.0000000000
102477  47.279  29.082  26.179 0.0000000000
102478  46.839  28.491  26.365 3.7171990871
102479  46.344  27.916  26.547 3.7171990871
102480  46.697  27.778  27.024 2.7721486092
102481  46.631  27.039  27.614 2.7721486092
102482  46.514  26.304  28.123 0.0000000000
102537  31.887  42.376  20.517 0.0000000000
102538  31.492  42.217  20.037 0.0000000000
102539  31.909  42.790  19.903 0.0000000000
102540  31.852  43.118  19.276 0.0000000000
106142  41.810  28.488  20.648 2.7721486092
106143  41.231  28.452  19.964 2.7721486092
106144  41.428  28.114  20.115 2.7721486092
106145  41.247  27.747  19.589 2.7721486092
106146  41.240  27.385  19.084 2.7721486092
106147  43.073  26.141  19.319 2.9926602840
106148  42.627  26.289  18.859 0.0000000000
106149  43.126  26.123  18.716 0.0000000000
106150  43.196  26.126  18.115 0.0000000000
106151  43.325  26.246  17.507 0.0000000000
106153  43.965  26.182  17.383 0.0000000000
106154  44.716  26.156  17.232 0.0000000000
106182  38.542  22.158  21.804 0.0000000000
106183  38.773  21.833  21.269 0.0000000000
106184  38.287  21.568  21.547 0.0000000000
108249  29.625  36.071  21.815 0.0000000000
108255  33.074  34.198  25.498 0.0000000000
108256  32.541  33.935  25.297 0.0000000000
108257  32.745  34.521  24.810 0.0000000000
108258  32.405  34.906  24.130 0.0000000000
108259  32.036  35.234  23.595 0.0000000000
108260  31.634  35.624  23.089 0.0000000000
108261  32.256  35.861  23.292 0.0000000000
108262  32.375  36.405  22.981 0.0000000000
108263  32.439  36.990  22.755 0.0000000000
108264  32.470  37.605  22.605 3.1501688957
108265  32.827  37.161  22.956 0.0000000000
108266  33.209  37.337  23.130 0.0000000000
108267  33.625  37.490  23.293 0.0000000000
108268  35.733  36.215  25.280 0.0000000000
108269  35.374  36.648  24.687 0.0000000000
108270  35.834  36.732  24.883 0.0000000000
108271  35.934  37.288  24.532 3.4651856422
108272  36.038  37.883  24.239 3.4651856422
108273  36.109  38.548  24.026 3.4651856422
108274  36.532  37.918  24.388 3.4651856422
108275  37.068  37.859  24.579 0.0000000000
108276  37.682  37.892  24.770 0.0000000000
109369  38.409  38.146  24.907 0.0000000000
109370  38.175  37.649  25.174 0.0000000000
109371  38.636  37.416  25.607 0.0000000000
109372  39.031  37.206  26.083 3.6226940155
109373  39.650  35.033  27.639 0.0000000000
109374  39.753  35.492  27.260 0.0000000000
109375  40.239  35.126  27.572 0.0000000000
109376  40.905  35.269  27.438 0.0000000000
109377  41.497  35.347  27.215 0.0000000000
109378  42.161  35.354  26.946 0.0000000000
109379  42.027  34.835  27.331 3.0241620541
109380  42.490  34.361  27.463 3.0241620541
109381  42.904  33.961  27.645 3.0241620541
109382  37.909  32.438  31.054 3.0871653557
109383  38.243  32.876  30.759 3.0871653557
109384  38.530  32.467  30.866 3.0871653557
109385  39.110  32.523  30.765 3.7171990871
109386  39.704  32.551  30.643 3.7171990871
109387  42.335  30.715  30.692 2.8036501408
109388  41.894  31.345  30.621 0.0000000000
109389  42.592  31.133  30.388 2.8036501408
109390  42.848  31.549  30.029 0.0000000000
109391  43.105  31.949  29.624 0.0000000000
109392  43.327  32.354  29.184 0.0000000000
109393  43.772  31.744  29.389 0.0000000000
109394  44.458  31.524  29.120 0.0000000000
109395  45.171  31.279  28.815 0.0000000000
109396  45.776  31.114  28.575 0.0000000000
109397  45.605  30.628  29.069 0.0000000000
109398  46.076  29.944  29.337 0.0000000000
109399  46.559  29.274  29.610 0.0000000000
109400  46.563  26.873  31.188 0.0000000000
109401  46.811  27.192  30.822 2.7406468391
109402  47.043  26.551  30.968 2.6461417675
109403  47.418  26.230  30.643 2.6461417675
109404  47.479  25.873  30.254 2.6461417675
109405  47.336  25.603  29.877 2.6461417675
109406  47.280  25.212  30.323 2.6461417675
109407  46.968  24.584  30.386 0.0000000000
109408  46.522  24.010  30.368 0.0000000000
109422  40.050  25.696  32.281 0.0000000000
109427  40.496  23.988  34.947 0.0000000000
109428  42.264  23.280  33.276 2.9611587524
109429  42.079  23.718  33.595 2.9611587524
109430  42.502  23.845  33.348 2.9611587524
109431  42.644  24.386  33.386 2.9611587524
109432  42.533  24.864  33.209 2.9611587524
109433  42.267  25.190  32.970 3.1501688957
109434  42.925  24.995  32.973 2.9926602840
109435  43.324  25.119  32.787 3.0871653557
109436  43.758  25.219  32.598 3.0871653557
109437  44.122  25.373  32.420 3.0871653557
109438  44.318  24.893  32.584 0.0000000000
109439  44.752  24.485  32.447 0.0000000000
109440  45.034  24.037  32.284 0.0000000000
109441  43.808  20.921  31.433 0.0000000000
109442  44.389  21.538  31.728 0.0000000000
109443  44.213  21.203  31.230 0.0000000000
109444  44.591  21.565  31.019 0.0000000000
109445  44.928  21.959  30.846 0.0000000000
109446  45.194  22.363  30.654 0.0000000000
109447  44.471  21.929  30.398 0.0000000000
109448  43.941  21.964  29.968 0.0000000000
115252  40.598  40.519  21.409 0.0000000000
115253  40.704  39.880  21.556 0.0000000000
115254  40.959  40.263  21.977 0.0000000000
115255  41.267  40.036  22.581 0.0000000000
115256  41.525  39.763  23.200 0.0000000000
115257  41.294  40.597  23.614 0.0000000000
115258  41.605  40.019  23.665 0.0000000000
115259  41.906  39.457  23.729 0.0000000000
115260  42.116  39.065  24.270 0.0000000000
115261  42.192  38.617  24.784 0.0000000000
115262  42.178  38.101  25.311 0.0000000000
115263  37.989  45.319  22.471 0.0000000000
115265  38.754  44.937  22.429 0.0000000000
115266  39.446  44.390  22.306 0.0000000000
115267  39.959  43.722  22.180 0.0000000000
115268  39.569  43.298  23.093 0.0000000000
115269  40.088  43.226  22.610 0.0000000000
115270  40.410  42.994  22.055 0.0000000000
115271  40.658  42.191  21.737 0.0000000000
115272  40.648  41.356  21.519 0.0000000000
115273  34.401  41.078  23.452 3.1501688957
115274  34.248  41.676  23.428 2.9296569824
115275  34.734  41.769  23.526 2.9296569824
115276  35.133  42.378  23.538 0.0000000000
115277  35.616  43.011  23.499 0.0000000000
115278  36.220  42.424  23.632 0.0000000000
115279  36.172  43.018  23.619 0.0000000000
115280  36.161  43.623  23.485 0.0000000000
115281  36.755  44.218  23.385 0.0000000000
115282  37.368  44.822  23.063 0.0000000000
116208  44.878  28.139  24.590 3.3391790390
116209  44.430  28.013  24.145 3.3391790390
116210  44.299  27.631  24.794 3.7171990871
116211  43.752  27.120  24.963 3.7171990871
116212  43.252  26.624  25.082 3.0556638241
116213  43.508  26.111  25.966 3.0556638241
116214  43.160  26.142  25.563 3.4021823406
116215  42.790  26.123  25.136 3.4021823406
116216  42.309  25.677  25.131 3.4021823406
116217  41.804  25.212  25.038 3.4021823406
116218  41.293  24.753  24.918 3.4021823406
116219  40.780  24.348  24.770 0.0000000000
116220  41.057  24.250  25.324 2.6776435375
116221  40.792  23.777  25.663 0.0000000000
116222  40.518  23.330  25.931 0.0000000000
116223  41.426  23.613  26.516 2.6776435375
116224  40.845  23.216  26.352 0.0000000000
116225  40.249  22.864  26.146 0.0000000000
116226  40.022  22.401  26.342 0.0000000000
118721  36.030  33.879  16.002 0.0000000000
118722  36.106  34.806  16.491 0.0000000000
118723  36.213  34.230  16.591 0.0000000000
118724  36.456  33.699  16.735 0.0000000000
118725  36.986  33.568  17.409 0.0000000000
118726  37.591  33.544  18.024 2.8036501408
118727  38.353  33.495  18.668 2.8666536808
118728  42.569  35.265  22.694 0.0000000000
118729  42.331  34.844  22.313 0.0000000000
118730  43.088  34.809  22.812 0.0000000000
118731  43.661  34.385  22.869 0.0000000000
118732  44.301  33.964  22.894 0.0000000000
118733  45.208  34.167  23.899 0.0000000000
118734  45.099  33.825  23.440 0.0000000000
118735  44.915  33.527  22.934 0.0000000000
118736  45.473  33.128  22.942 2.6776435375
118737  45.957  32.766  22.905 0.0000000000
118738  46.363  32.361  22.890 0.0000000000
118739  46.721  31.983  22.870 0.0000000000
118740  47.034  32.115  23.384 0.0000000000
118741  47.525  31.817  24.023 0.0000000000
118742  47.808  31.446  24.764 0.0000000000
118743  47.649  32.107  25.219 0.0000000000
118744  47.834  31.573  25.376 0.0000000000
118745  47.884  30.984  25.587 0.0000000000
118746  47.939  30.321  26.423 0.0000000000
118747  47.952  29.568  27.171 0.0000000000
118748  47.849  28.773  27.753 0.0000000000
118765  37.662  40.185  15.988 0.0000000000
121595  42.023  26.836  21.151 3.2761754990
121596  41.893  27.027  20.609 2.9926602840
121597  42.047  26.533  20.732 2.9926602840
121598  42.272  26.319  20.370 2.9926602840
121599  42.618  26.111  20.084 2.9926602840
121600  42.637  25.365  20.622 2.9926602840
121601  42.893  25.674  20.327 2.9926602840
121602  43.027  25.967  19.880 2.9926602840
121603  43.461  25.867  19.764 3.0871653557
121604  43.924  25.823  19.735 3.0871653557
121605  44.447  25.755  19.703 3.0871653557
121606  45.102  25.724  19.641 3.0871653557
121607  44.831  25.368  20.085 3.0871653557
121608  45.090  24.790  20.199 0.0000000000
121609  45.160  24.171  20.015 0.0000000000
121610  44.038  23.834  19.975 0.0000000000
121611  44.553  23.666  19.842 0.0000000000
121626  37.171  20.588  22.988 0.0000000000
123237  32.997  32.530  27.834 0.0000000000
123238  33.144  32.991  27.326 0.0000000000
123239  33.248  33.420  26.704 0.0000000000
123240  34.128  33.500  27.563 2.9611587524
123241  33.732  33.662  26.865 2.9611587524
123242  33.379  33.898  26.140 0.0000000000
123243  33.580  34.479  25.720 0.0000000000
123244  33.749  34.960  25.240 0.0000000000
123245  33.854  35.408  24.779 0.0000000000
123246  33.908  35.841  24.346 0.0000000000
123247  34.270  35.481  25.033 0.0000000000
123248  34.694  35.542  25.270 0.0000000000
123249  35.149  35.620  25.495 0.0000000000
123250  35.368  34.965  26.501 2.8351519108
123251  35.490  35.339  26.098 0.0000000000
123252  35.626  35.757  25.698 0.0000000000
123253  36.077  35.866  25.863 0.0000000000
123254  36.540  35.978  26.040 0.0000000000
123255  37.059  36.039  26.202 3.6226940155
124105  37.596  36.255  26.220 3.6226940155
124106  37.508  35.814  26.630 3.6226940155
124107  37.970  35.554  27.000 3.6226940155
124108  38.486  35.204  27.320 3.2131721973
124109  37.924  34.703  27.807 3.2131721973
124110  38.463  34.774  27.790 3.2131721973
124111  39.053  34.898  27.707 0.0000000000
124112  39.541  34.628  28.075 0.0000000000
124113  39.982  34.392  28.420 0.0000000000
124114  40.411  34.164  28.706 0.0000000000
124115  39.188  30.578  31.137 3.5596907139
124116  39.455  31.059  31.124 3.5596907139
124117  39.862  30.616  31.227 3.0871653557
124118  40.557  30.613  31.141 3.5596907139
124119  41.319  30.499  31.017 2.8036501408
124120  41.399  29.452  31.115 2.8036501408
124121  41.760  29.893  31.022 2.8036501408
124122  42.064  30.335  30.905 2.8036501408
124123  42.822  30.075  30.738 2.8036501408
124124  43.546  29.810  30.649 0.0000000000
124125  44.268  29.563  30.466 0.0000000000
124126  44.982  29.305  30.310 0.0000000000
124127  44.737  28.944  30.654 2.7721486092
124128  45.177  28.362  30.866 2.7721486092
124129  45.591  27.756  31.171 0.0000000000
124130  44.606  27.605  31.368 0.0000000000
124131  45.282  27.450  31.421 0.0000000000
124132  45.980  27.183  31.392 0.0000000000
124133  46.331  26.605  31.498 0.0000000000
124134  46.573  26.017  31.603 0.0000000000
124135  46.700  25.431  31.744 0.0000000000
124147  40.259  22.405  34.700 0.0000000000
124148  40.504  22.879  34.674 0.0000000000
124149  40.682  22.556  34.284 0.0000000000
124150  41.133  22.636  33.930 0.0000000000
124151  41.555  22.660  33.594 0.0000000000
124153  41.627  22.082  33.291 0.0000000000
124154  41.963  22.680  33.283 0.0000000000
124155  42.409  22.737  33.026 0.0000000000
124156  42.819  22.797  32.825 0.0000000000
124157  43.239  22.872  32.659 0.0000000000
124158  43.694  23.004  32.486 0.0000000000
124159  43.338  22.241  32.446 0.0000000000
124160  43.376  21.694  32.287 0.0000000000
124161  43.361  21.173  31.980 0.0000000000
124164  43.348  20.703  31.587 0.0000000000
128782  37.414  37.549  17.842 3.1501688957
128783  37.378  36.913  18.189 0.0000000000
128784  37.738  37.339  18.565 3.1501688957
128785  38.205  37.117  19.339 3.3391790390
128786  38.754  36.850  20.028 3.4651856422
128787  39.051  37.868  20.088 3.3391790390
128788  39.169  37.200  20.393 3.3391790390
128789  39.361  36.577  20.624 3.7171990871
128790  40.054  36.333  21.121 3.6856975555
128791  40.640  36.056  21.648 3.6856975555
128792  41.356  35.859  22.133 3.6856975555
128793  40.795  39.251  21.726 0.0000000000
128794  40.867  38.588  21.860 3.5596907139
128795  40.951  38.025  22.036 3.5596907139
128796  41.703  38.188  22.839 3.5596907139
128797  41.443  37.794  22.524 3.5596907139
128798  41.056  37.406  22.195 3.5596907139
128799  41.232  36.781  22.332 3.6856975555
128800  41.616  36.218  22.477 0.0000000000
128801  42.089  35.742  22.569 0.0000000000
128802  42.776  35.665  23.021 0.0000000000
128803  43.600  35.632  23.452 0.0000000000
128804  44.242  35.511  23.980 0.0000000000
128805  43.957  36.377  24.125 0.0000000000
128806  44.323  35.822  24.305 0.0000000000
128807  44.745  35.272  24.565 0.0000000000
128808  45.143  34.937  25.080 0.0000000000
128809  45.474  34.511  25.581 0.0000000000
128810  45.642  34.037  26.164 0.0000000000
128832  38.443  41.301  17.369 0.0000000000
128833  38.265  40.532  17.439 0.0000000000
128834  38.811  40.602  18.532 0.0000000000
128835  38.455  40.192  18.037 0.0000000000
128836  38.051  39.805  17.513 0.0000000000
128837  37.839  39.093  17.602 0.0000000000
128838  37.641  38.351  17.710 3.1501688957
128839  30.766  39.513  21.070 0.0000000000
128840  30.478  40.014  20.720 0.0000000000
128841  30.902  40.198  21.077 2.8351519108
128842  31.153  40.839  21.128 2.8351519108
128843  31.476  41.435  21.120 0.0000000000
128844  31.997  41.310  21.948 3.0556638241
128845  31.921  41.720  21.541 3.0556638241
128846  31.897  42.064  21.060 0.0000000000
128847  32.380  42.694  20.962 0.0000000000
128848  32.803  43.381  20.830 0.0000000000
128849  33.221  43.978  20.641 0.0000000000
128850  34.114  42.273  23.372 2.9296569824
128851  34.051  42.779  23.123 3.0241620541
128852  33.942  43.207  22.728 3.0241620541
128853  34.959  44.047  22.839 0.0000000000
128854  34.450  43.876  22.546 0.0000000000
128855  33.872  43.532  22.279 0.0000000000
128856  33.816  43.879  21.705 0.0000000000
128857  33.707  44.274  21.085 0.0000000000
131376  41.933  30.320  20.219 0.0000000000
131377  41.383  29.954  19.905 0.0000000000
131378  42.023  29.935  20.496 0.0000000000
131379  42.110  29.546  20.715 2.8666536808
131380  42.220  29.156  20.903 2.8666536808
131381  43.410  29.249  21.753 2.7721486092
131382  42.806  29.009  21.468 2.8666536808
131383  42.266  28.777  21.085 3.3706805706
131384  42.337  28.380  21.250 3.3706805706
131385  42.300  27.985  21.392 3.3706805706
131386  42.230  27.556  21.498 3.3706805706
131387  44.059  27.927  23.755 3.3391790390
131388  43.797  27.845  23.393 3.3391790390
131389  43.427  27.707  23.034 3.3391790390
131390  42.837  26.893  23.600 3.3706805706
131391  42.985  27.230  23.121 3.3706805706
131392  43.094  27.557  22.671 3.3706805706
131393  42.750  27.433  22.320 3.3706805706
131394  42.428  27.253  21.963 3.3706805706
131395  42.174  27.073  21.580 3.3706805706
131396  42.072  26.623  21.595 3.2761754990
131397  41.912  26.066  21.572 3.2761754990
131398  41.725  25.548  21.471 3.2761754990
131399  41.463  25.481  22.127 3.2761754990
131400  41.420  25.272  21.690 3.2761754990
131401  41.515  25.038  21.290 3.2761754990
131402  41.279  24.510  21.067 3.1186671257
131403  40.992  23.992  20.937 3.1186671257
131404  40.723  23.531  20.784 3.1186671257
131405  40.492  23.070  20.688 0.0000000000
131406  40.193  23.356  21.061 3.1186671257
131407  39.719  23.139  21.397 3.1186671257
131408  39.291  22.873  21.717 3.1186671257
131409  39.641  23.583  22.427 3.1186671257
131410  39.232  23.112  22.257 3.1186671257
131411  38.862  22.640  22.053 0.0000000000
131412  38.452  22.398  22.360 0.0000000000
131413  38.041  22.103  22.694 0.0000000000
131414  37.777  21.625  22.964 0.0000000000
131415  40.242  23.950  24.583 3.3391790390
131416  39.770  23.562  24.431 3.3391790390
131417  39.272  23.168  24.253 3.3391790390
131418  39.185  22.640  25.041 0.0000000000
131419  38.927  22.685  24.548 0.0000000000
131420  38.756  22.728  24.040 0.0000000000
131421  38.267  22.251  23.790 0.0000000000
131422  37.857  21.746  23.524 0.0000000000
131423  37.498  21.172  23.229 0.0000000000
131424  37.200  20.749  23.521 0.0000000000
132881  33.722  32.390  29.204 0.0000000000
132882  34.160  32.589  29.291 0.0000000000
132884  34.374  32.438  29.937 0.0000000000
132885  34.561  32.744  29.432 0.0000000000
132886  35.017  32.957  29.534 0.0000000000
132887  35.477  33.081  29.669 0.0000000000
132888  35.983  33.229  29.759 0.0000000000
133657  36.605  33.463  29.730 3.5281891823
133658  36.302  33.138  30.190 0.0000000000
133659  36.592  32.973  30.627 0.0000000000
133660  36.952  32.720  31.038 0.0000000000
133661  36.022  32.021  31.330 0.0000000000
133662  36.667  32.217  31.301 0.0000000000
133663  37.270  32.322  31.156 3.0871653557
133664  37.561  31.895  31.137 3.0871653557
133665  37.912  31.387  31.066 3.0871653557
133666  38.248  30.911  31.039 0.0000000000
133672  36.775  30.165  31.259 0.0000000000
133673  37.355  30.282  31.198 0.0000000000
133674  37.980  30.401  31.109 0.0000000000
133675  38.557  30.520  31.094 0.0000000000
133676  38.878  30.105  31.157 0.0000000000
133677  39.231  29.708  31.249 3.0871653557
133678  39.550  29.198  31.322 3.0871653557
133679  38.441  28.702  31.391 0.0000000000
133680  39.169  28.719  31.327 0.0000000000
133681  39.837  28.665  31.247 0.0000000000
133682  40.209  28.168  31.138 0.0000000000
133683  40.616  27.696  31.071 0.0000000000
133684  41.060  27.203  31.082 3.1501688957
138195  38.514  31.282  17.371 0.0000000000
138196  38.844  30.887  17.515 0.0000000000
138197  39.121  30.521  17.641 0.0000000000
138198  39.734  30.579  18.255 0.0000000000
138199  40.382  30.626  18.866 0.0000000000
138200  41.034  30.643  19.382 0.0000000000
138201  37.449  36.297  18.480 0.0000000000
138202  37.555  35.697  18.691 3.4651856422
138203  37.704  35.128  18.855 3.4651856422
138204  38.828  35.282  19.991 3.4651856422
138205  38.424  34.959  19.533 3.4651856422
138206  37.978  34.611  19.017 2.8666536808
138207  38.387  34.167  19.159 2.8666536808
138208  38.809  33.789  19.235 2.8666536808
138209  39.235  33.490  19.287 3.1816704273
138210  42.044  34.556  21.940 0.0000000000
138211  41.701  34.300  21.561 0.0000000000
138212  41.338  34.090  21.234 0.0000000000
138213  42.791  33.602  21.604 0.0000000000
138214  41.833  33.754  21.221 0.0000000000
138215  40.962  33.885  20.774 3.3391790390
138216  40.579  33.650  20.284 3.1816704273
138217  40.115  33.439  19.817 3.1816704273
138218  39.656  33.202  19.329 3.1816704273
138219  40.034  32.851  19.289 2.5201349258
138220  40.401  32.485  19.268 2.5201349258
138221  40.741  32.108  19.309 2.5201349258
138222  42.136  32.295  20.121 2.8666536808
138223  41.575  32.012  19.762 2.8666536808
138224  41.086  31.705  19.410 2.5201349258
138225  41.324  31.293  19.549 2.8666536808
138226  41.527  30.922  19.734 0.0000000000
138227  41.757  30.610  19.982 0.0000000000
138228  42.498  30.526  20.551 0.0000000000
138229  43.221  30.409  21.097 2.8666536808
138230  43.952  30.222  21.621 2.7721486092
138231  44.436  30.829  21.613 2.7721486092
138232  44.575  30.415  21.858 2.7721486092
138233  44.584  29.977  22.087 2.7721486092
138234  45.118  29.666  22.622 2.7721486092
138235  45.470  29.323  23.133 3.0556638241
138236  45.533  28.948  23.661 0.0000000000
138237  46.939  31.542  22.921 0.0000000000
138238  46.947  30.996  23.117 0.0000000000
138239  46.849  30.514  23.358 0.0000000000
138240  47.367  30.142  24.634 0.0000000000
138241  47.041  30.056  24.038 0.0000000000
138242  46.644  29.984  23.596 0.0000000000
138243  46.326  29.487  23.818 0.0000000000
138244  45.883  29.009  24.072 0.0000000000
138245  45.394  28.531  24.375 3.3391790390
138246  45.237  28.123  25.085 3.7171990871
138247  45.071  27.657  25.722 3.7171990871
138248  44.951  27.060  26.338 3.7171990871
138249  45.838  27.361  26.670 3.7171990871
138250  45.323  26.910  26.783 3.7171990871
138251  44.848  26.347  26.887 2.7406468391
138252  44.700  25.577  27.394 2.7406468391
138253  44.498  24.914  27.819 2.7406468391
138254  44.300  24.292  28.246 0.0000000000
138366  30.319  40.492  20.346 0.0000000000
138367  30.203  40.930  19.935 0.0000000000
138369  31.056  42.021  19.577 0.0000000000
145692  40.866  29.581  19.516 0.0000000000
145693  40.415  29.171  19.041 0.0000000000
145694  40.197  28.737  18.495 0.0000000000
145695  40.779  28.407  19.319 0.0000000000
145696  40.410  28.379  18.645 0.0000000000
145697  40.142  28.330  17.925 0.0000000000
145698  40.327  27.927  17.388 0.0000000000
145701  41.727  27.061  19.959 2.9926602840
145702  41.565  27.055  19.280 2.9926602840
145703  41.438  27.037  18.593 0.0000000000
145704  42.227  26.490  18.518 0.0000000000
145705  41.803  26.752  18.207 0.0000000000
145706  41.397  27.056  17.944 0.0000000000
145707  41.395  27.108  17.360 0.0000000000
145708  41.427  27.184  16.751 0.0000000000
145728  45.778  25.724  19.590 0.0000000000
145729  46.455  25.666  19.550 0.0000000000
145773  40.310  22.569  20.602 0.0000000000
145774  40.176  22.029  20.440 0.0000000000
145775  40.061  21.505  20.276 0.0000000000
145776  39.094  21.517  20.795 0.0000000000
149927  29.716  38.642  20.653 0.0000000000
149928  30.278  38.789  20.892 0.0000000000
149941  31.954  33.662  25.122 0.0000000000
149948  30.022  35.593  22.253 0.0000000000
149949  30.250  36.277  21.956 0.0000000000
149950  31.249  36.055  22.642 0.0000000000
149951  30.855  36.541  22.172 0.0000000000
149952  30.474  36.967  21.726 0.0000000000
149953  30.658  37.636  21.540 0.0000000000
149954  30.757  38.274  21.338 0.0000000000
149955  30.780  38.899  21.199 0.0000000000
149956  31.204  39.026  21.529 3.1501688957
149957  31.619  39.160  21.837 2.8351519108
149958  32.064  39.338  22.145 2.8351519108
149959  32.504  38.245  22.545 3.1501688957
149960  32.511  38.888  22.485 3.1501688957
149961  32.520  39.571  22.457 2.8351519108
149962  32.987  39.835  22.768 3.1186671257
149963  33.393  40.067  23.038 3.1186671257
149964  33.840  40.230  23.244 3.1501688957
149965  33.958  36.337  24.000 0.0000000000
149966  34.004  36.948  23.711 0.0000000000
149967  34.054  37.616  23.504 0.0000000000
149968  34.968  37.165  24.135 0.0000000000
149969  34.535  37.742  23.751 0.0000000000
149970  34.123  38.359  23.412 0.0000000000
149971  34.168  39.039  23.410 0.0000000000
149972  34.231  39.714  23.404 3.1501688957
149973  34.310  40.378  23.392 3.1501688957
149974  34.768  40.540  23.529 3.1501688957
149975  35.254  40.568  23.600 0.0000000000
149976  35.766  40.538  23.634 0.0000000000
149977  36.175  39.197  23.848 0.0000000000
149978  36.234  39.836  23.721 0.0000000000
149979  36.312  40.493  23.697 0.0000000000
149980  36.935  40.479  23.763 0.0000000000
149981  37.711  40.468  23.875 0.0000000000
149982  38.434  40.443  24.071 0.0000000000
152173  39.016  40.021  24.344 0.0000000000
152174  39.597  39.583  24.632 0.0000000000
152175  40.129  39.198  24.922 0.0000000000
152176  39.149  38.363  25.070 0.0000000000
152177  39.922  38.584  25.207 0.0000000000
152178  40.637  38.823  25.201 0.0000000000
152179  41.126  38.457  25.421 0.0000000000
152180  41.609  38.061  25.628 0.0000000000
152181  42.001  37.639  25.791 0.0000000000
152182  38.169  36.466  26.234 3.6226940155
152183  38.822  36.744  26.353 3.6226940155
152184  39.534  36.952  26.445 0.0000000000
152185  39.865  36.034  26.980 0.0000000000
152186  40.065  36.583  26.724 0.0000000000
152187  40.313  37.107  26.453 0.0000000000
152188  41.064  37.247  26.387 0.0000000000
152189  41.740  37.256  26.207 0.0000000000
152190  42.410  37.245  25.858 0.0000000000
152191  42.821  36.833  25.890 0.0000000000
152192  43.227  36.359  25.912 0.0000000000
152193  43.589  35.800  25.943 0.0000000000
152194  42.780  35.377  26.636 0.0000000000
152195  43.414  35.323  26.329 0.0000000000
152196  44.058  35.284  26.054 0.0000000000
152197  44.553  34.731  26.220 0.0000000000
152198  45.049  34.210  26.422 0.0000000000
152199  45.544  33.759  26.670 0.0000000000
152200  37.245  33.638  29.748 3.2446739674
152201  37.826  33.697  29.779 3.2446739674
152202  38.408  33.834  29.723 3.2446739674
152203  38.528  33.271  30.422 3.0871653557
152204  38.744  33.644  30.137 3.2446739674
152205  38.985  33.850  29.630 3.2446739674
152206  39.577  33.835  29.436 3.8117041588
152207  40.177  33.845  29.180 0.0000000000
152208  40.797  33.840  28.977 0.0000000000
152209  39.763  31.588  31.040 3.7171990871
152210  40.080  32.120  30.849 3.7171990871
152211  40.366  32.538  30.439 3.7171990871
152212  41.470  31.924  30.511 0.0000000000
152213  41.060  32.428  30.322 3.7171990871
152214  40.701  32.884  30.066 3.7171990871
152215  40.999  33.189  29.668 3.7171990871
152216  41.225  33.447  29.250 0.0000000000
152217  41.470  33.716  28.727 3.0241620541
152218  42.104  33.621  28.483 3.0241620541
152219  42.722  33.572  28.191 3.0241620541
152220  43.341  33.547  27.899 0.0000000000
152221  43.561  32.705  28.683 0.0000000000
152222  43.808  33.048  28.129 0.0000000000
152223  44.030  33.519  27.574 0.0000000000
152224  44.716  33.473  27.321 0.0000000000
152225  45.396  33.430  27.140 0.0000000000
152226  46.024  33.209  26.891 0.0000000000
152227  46.460  32.571  27.097 0.0000000000
152228  46.846  31.909  27.311 0.0000000000
152229  47.191  31.223  27.539 0.0000000000
152230  46.491  30.902  28.289 0.0000000000
152231  47.064  30.710  28.038 0.0000000000
152232  47.505  30.544  27.802 0.0000000000
152233  47.779  29.755  28.016 0.0000000000
152234  47.852  28.970  28.153 0.0000000000
152235  47.828  28.257  28.293 0.0000000000
152236  45.703  29.111  30.115 0.0000000000
152237  46.324  28.876  29.980 2.7406468391
152238  47.002  28.615  29.780 2.7406468391
152239  47.100  27.572  30.411 2.7406468391
152240  47.319  27.962  29.930 2.7406468391
152241  47.495  28.360  29.480 2.7406468391
152242  47.776  28.089  29.182 0.0000000000
152243  47.821  27.808  28.804 0.0000000000
152244  47.714  27.598  28.448 0.0000000000
152245  47.392  26.961  28.505 2.7721486092
152246  46.996  26.356  28.541 0.0000000000
152247  46.528  25.795  28.591 0.0000000000
152248  47.001  25.441  29.466 2.6461417675
152249  46.505  25.308  29.032 2.6461417675
152250  46.004  25.216  28.639 0.0000000000
152251  45.434  24.685  28.668 3.2131721973
152252  44.842  24.298  28.661 0.0000000000
152253  44.281  23.864  28.625 0.0000000000
152274  38.388  27.052  31.488 0.0000000000
152276  38.795  26.669  31.551 0.0000000000
152277  39.135  27.026  31.309 0.0000000000
152278  39.923  26.943  31.172 0.0000000000
152279  40.703  26.846  31.173 0.0000000000
152280  41.524  26.721  31.203 3.1501688957
152290  40.701  23.334  34.643 0.0000000000
152291  40.866  23.788  34.603 0.0000000000
152292  40.926  24.223  34.525 0.0000000000
152293  41.801  24.122  33.900 2.9611587524
152294  41.346  24.412  34.145 2.9611587524
152295  40.812  24.595  34.373 0.0000000000
152296  40.537  24.853  34.121 0.0000000000
152297  40.194  25.043  33.819 0.0000000000
152300  40.443  25.447  32.592 0.0000000000
152301  40.791  25.633  32.239 0.0000000000
152302  41.876  25.403  32.619 3.1501688957
152303  41.479  25.629  32.279 3.1501688957
152304  41.147  25.840  31.927 3.1501688957
152305  41.487  26.079  31.648 3.1501688957
152306  41.918  26.316  31.444 3.1501688957
152307  42.324  26.595  31.339 3.1501688957
152308  43.091  26.432  31.504 3.0871653557
152309  43.865  26.283  31.722 3.0871653557
152310  44.604  26.098  31.853 3.0871653557
152311  44.503  25.551  32.249 3.0871653557
152312  44.921  25.727  32.108 3.0871653557
152313  45.308  25.889  31.943 0.0000000000
152314  45.895  25.635  31.997 0.0000000000
152315  46.368  25.223  31.976 0.0000000000
152316  46.677  24.806  31.829 0.0000000000
152317  44.232  23.154  32.329 0.0000000000
152318  44.746  23.329  32.222 0.0000000000
152319  45.248  23.518  32.162 0.0000000000
152320  44.925  22.277  31.876 0.0000000000
152321  45.398  22.976  32.012 2.6461417675
152322  45.756  23.705  32.126 2.6461417675
152323  46.170  23.918  31.982 2.6461417675
152324  46.537  24.146  31.783 2.6461417675
152325  46.852  24.376  31.542 2.6461417675
152326  46.804  24.020  31.120 2.6461417675
152327  46.501  23.743  30.709 0.0000000000
152328  45.949  23.508  30.276 0.0000000000
152329  45.363  22.742  30.402 0.0000000000
152330  45.457  23.092  30.098 0.0000000000
152331  45.473  23.467  29.787 0.0000000000
152332  44.878  23.470  29.366 0.0000000000
152333  44.276  23.456  28.951 0.0000000000
152334  43.687  23.552  28.466 0.0000000000
152335  43.107  23.259  28.292 0.0000000000
152336  42.516  22.952  28.121 0.0000000000
